,mean_fit_time,std_fit_time,mean_score_time,std_score_time,param_hgb__max_bins,param_hgb__max_depth,params,split0_test_score,split1_test_score,split2_test_score,split3_test_score,split4_test_score,split5_test_score,split6_test_score,split7_test_score,split8_test_score,split9_test_score,mean_test_score,std_test_score,rank_test_score,split0_train_score,split1_train_score,split2_train_score,split3_train_score,split4_train_score,split5_train_score,split6_train_score,split7_train_score,split8_train_score,split9_train_score,mean_train_score,std_train_score
0,0.6050999164581299,0.03313366430814745,0.015493679046630859,0.0008783335781510361,20,2,"{'hgb__max_bins': 20, 'hgb__max_depth': 2}",0.8446690758685806,0.7448640664266578,0.8262906064122464,0.7439841068457899,0.7473934439142342,0.860079428519555,0.8508395953816293,0.8285707864351782,0.8084386086169363,0.8692057402671216,0.812433545868793,0.046858221823362425,27,0.8367234475191995,0.8593979071589758,0.8476314071567611,0.8737643040219734,0.8507284184909373,0.8586663433625463,0.8450629755111154,0.8486475008490453,0.8431552621216251,0.8600342755980147,0.8523811841790193,0.01013714057532558
1,0.7828055858612061,0.040944089932979606,0.017234039306640626,0.0017294280236492562,20,3,"{'hgb__max_bins': 20, 'hgb__max_depth': 3}",0.8409029075829031,0.7489354050642336,0.855064136115357,0.7428957599909128,0.7819968956895723,0.8433636595567261,0.8827463598224264,0.8368940903831319,0.8841942728483277,0.8693434602523181,0.8286336947305909,0.04968355164723748,24,0.9259828485615902,0.9275535137206135,0.9278056020262265,0.9298885296893235,0.9355789469952862,0.9334700533889174,0.9371895794296854,0.9373903205458788,0.9289779252905334,0.9293798390136813,0.9313217158661736,0.004004788723369618
2,0.9518271684646606,0.2859498123155928,0.016628217697143555,0.00486924955981379,20,4,"{'hgb__max_bins': 20, 'hgb__max_depth': 4}",0.8530863978858463,0.7614428176152345,0.819268437215111,0.742944588676406,0.7938719555071794,0.7572766386180716,0.8786386634296821,0.8095632697858158,0.9193034402081107,0.8540458397446161,0.8189442048686073,0.05443820652648,26,0.9605681452642804,0.9733245076884928,0.8666266790313168,0.8883907910970368,0.9676121414900957,0.9819259470553019,0.9768918623781511,0.9846590118101095,0.9778177503872657,0.9761798690801908,0.9553996705282242,0.03977944817720296
3,1.3843382835388183,0.5255628666588801,0.016756105422973632,0.0054357060077257855,20,5,"{'hgb__max_bins': 20, 'hgb__max_depth': 5}",0.858796326621311,0.8382706963170602,0.867419894060677,0.7425288568073725,0.7755837679412789,0.8164383189362173,0.8958922491269079,0.8528981557720999,0.9295299827834707,0.8502693197941533,0.842762756816055,0.051622112439569885,18,0.9815076814557159,0.9904689463609705,0.9818525974509951,0.8711158354734455,0.9041472326763211,0.9910045093620629,0.9879588220656396,0.9946255303740985,0.9873597451848606,0.9888483510607915,0.9678889251464902,0.04097405727067553
4,1.1844632863998412,0.4708737078506281,0.01528470516204834,0.00535615481377994,20,6,"{'hgb__max_bins': 20, 'hgb__max_depth': 6}",0.8615555639716712,0.7281836565142654,0.9022917275621333,0.7484545090261161,0.7884096662720511,0.8599868078287567,0.8855172764302459,0.8146178075779165,0.8916745726477612,0.8535377559089922,0.833422934373991,0.05781560411082536,23,0.9671135625268689,0.9790651746905373,0.9909649002316171,0.9748460220545704,0.9921221230782324,0.9917684649091875,0.9847788123191847,0.9851047613715246,0.9424206142645036,0.9561939515700479,0.9764378387016276,0.01581174629158473
5,1.7446949005126953,0.21063561518945478,0.021073317527770995,0.0023307061233651953,20,7,"{'hgb__max_bins': 20, 'hgb__max_depth': 7}",0.8591442171270905,0.8124295526106549,0.8966538297127201,0.7486085380880464,0.800793583706015,0.8246016771421182,0.8899853371723602,0.8466248928254803,0.9103676960985517,0.852504950340957,0.8441714274823996,0.04683944841440278,17,0.9870254582828261,0.985221151649025,0.9905687317817398,0.9896655712684147,0.9932656843473314,0.990972200922257,0.9865613628028403,0.9905263050722465,0.9975093804070059,0.9931002354452827,0.9904416081978971,0.0034624233710814937
6,1.4345855712890625,0.6148848104564663,0.01734914779663086,0.006597571188226693,20,8,"{'hgb__max_bins': 20, 'hgb__max_depth': 8}",0.8648254383710193,0.820978912779673,0.8562536394567234,0.7400990303650846,0.7940518454331255,0.8453630221150147,0.8912730895433085,0.8413590443971959,0.8791574815378215,0.8617757691159738,0.8395137273114941,0.04242450727579564,22,0.9870748861149625,0.98522643268865,0.9159974983304957,0.9639265839752772,0.9907147835358301,0.9628119608228769,0.979537201845977,0.9922728134444909,0.9796004351149914,0.9993754505314285,0.975653804640498,0.022759150990666707
7,1.4975718021392823,0.479789246020733,0.01765913963317871,0.005630404921238526,20,9,"{'hgb__max_bins': 20, 'hgb__max_depth': 9}",0.8640537686430455,0.8029860954646357,0.8958049312999201,0.7392873889908784,0.8081849950008357,0.8713848112789951,0.8928649529987435,0.8349495123904476,0.8590140328921181,0.8571089833457006,0.8425639472305321,0.04540017334246063,20,0.9907054551889782,0.9891823761329686,0.993576231094585,0.9838369935826123,0.9799538929696605,0.9925972873684644,0.988660457190762,0.9941324833011304,0.9714818629746093,0.9619833400317559,0.9846110379835527,0.010079314126396673
8,1.7517250061035157,0.37880681140383565,0.020329928398132323,0.004539267448446457,20,10,"{'hgb__max_bins': 20, 'hgb__max_depth': 10}",0.8567946681110176,0.8389658203135992,0.8742056350512237,0.7451259341345475,0.8018124620522675,0.8788347438551336,0.8954278548378513,0.8166397250413506,0.8791744713844228,0.8390467960626564,0.842602811084407,0.04301908962442101,19,0.9500419189763953,0.9887984504890995,0.9962834489479152,0.983629036584766,0.9891896453249056,0.9878063883186067,0.9949614401417446,0.9863630915022699,0.9923468112564657,0.9916941516895508,0.9861114383231719,0.01256440614720926
9,0.6021201848983765,0.018240685004185162,0.015666961669921875,0.0007153685321879445,50,2,"{'hgb__max_bins': 50, 'hgb__max_depth': 2}",0.8525674553845829,0.8266582077499919,0.8686088737665889,0.7488457918496333,0.7794705680431337,0.8275923174729869,0.8694579609046592,0.8769392990892355,0.9237404241794301,0.8813138697199621,0.8455194768160205,0.048916455210223836,15,0.8759142423940492,0.8926831316303702,0.8897402269343098,0.9024049436915084,0.9028879275098416,0.8822142383971822,0.887294329973093,0.8926862997313212,0.8882065991267709,0.8909096195915794,0.8904941558980026,0.0077615287313045735
10,0.7251412153244019,0.16656040446356624,0.015717744827270508,0.0034936584628007927,50,3,"{'hgb__max_bins': 50, 'hgb__max_depth': 3}",0.8558331369213378,0.7160575044326811,0.8866319427179159,0.7460267874036356,0.7801593714548656,0.8693347983176523,0.8837712957585191,0.863614447751402,0.9117590624903756,0.8892337662337662,0.8402422113482151,0.06411370603485454,21,0.9425137892355785,0.7994912025969199,0.9524224208188627,0.9508742264352785,0.9602948146906053,0.9586529471043711,0.954234352686923,0.9611539458750662,0.9396093109235831,0.9508638758846902,0.9370110886251879,0.04632533357697529
11,0.9703569889068604,0.15674516563481158,0.016865801811218262,0.0021521901615064055,50,4,"{'hgb__max_bins': 50, 'hgb__max_depth': 4}",0.8554219286086253,0.8782397476510265,0.8966671114908925,0.7516485898806536,0.7944383266682005,0.8828600109416995,0.8739569575831116,0.8687082147597746,0.8872253939602511,0.8813295584814055,0.8570495840025641,0.04431570562147989,6,0.9668810043982082,0.9807917319605818,0.9801981059018006,0.9840904838327802,0.9880875363247145,0.9828593520607268,0.9236971177803399,0.9818325931434881,0.9799928808513886,0.9846154945706221,0.9753046300824652,0.017992501563434248
12,1.5703770637512207,0.2108634327631294,0.027844882011413573,0.025501853490095143,50,5,"{'hgb__max_bins': 50, 'hgb__max_depth': 5}",0.8696494307725959,0.8472002838838615,0.8906908618269763,0.743998959329766,0.7968762458927477,0.8961491700210255,0.8902431289900232,0.8575799686474542,0.8264695228246485,0.8908426983942237,0.8509700270583324,0.04703950440042533,9,0.9767043919061849,0.9837812738273428,0.9931421674469727,0.9813183485588652,0.9940816943190589,0.9877570434443004,0.9718356981937859,0.9767873260980022,0.9868636504812889,0.9913103108678255,0.9843581905143628,0.007212150804921799
13,1.3613540649414062,0.6011904392729251,0.01752152442932129,0.006635724448734887,50,6,"{'hgb__max_bins': 50, 'hgb__max_depth': 6}",0.8665414042720059,0.8556710873936056,0.8926293795870831,0.7471838630541938,0.7965360355181226,0.8896995219258718,0.8932358068672783,0.8362569033971259,0.7987503557887166,0.8998928181064378,0.8476397175910442,0.04924120890758263,12,0.992729609054327,0.99491464146149,0.9884635972891435,0.9294511121346148,0.9965607460985026,0.9234732757862669,0.9923033161550892,0.979522065150161,0.9711283997875761,0.9879305588416678,0.9756477321758839,0.025660509725354302
14,1.4170926809310913,0.3650779512957427,0.01688687801361084,0.004818123373473826,50,7,"{'hgb__max_bins': 50, 'hgb__max_depth': 7}",0.8622537274428799,0.873417744316896,0.8860037961476848,0.7489756286571165,0.7954542901527625,0.8786185252241954,0.8982649007748393,0.8402122656792379,0.871047218689385,0.8676825984805613,0.8521930695565558,0.04373540960008861,8,0.9904231972752626,0.9796875194386612,0.9827922043592292,0.995739238904387,0.9891160671526603,0.9910166641383094,0.9934039505870913,0.9923069422060697,0.9892172260038812,0.9947843680906646,0.9898487378156217,0.004831308811538551
15,1.7105663061141967,0.3905806150479083,0.020166492462158202,0.004284351523636333,50,8,"{'hgb__max_bins': 50, 'hgb__max_depth': 8}",0.8653650365376184,0.8839870757456737,0.9124458944302318,0.7457731787126254,0.8075775419744363,0.8929129083586823,0.8933736290017351,0.8369743571856978,0.9258557257981729,0.8383343883498684,0.8602599736094743,0.05165612686943536,1,0.9840727865648435,0.9896193479844528,0.9937194056709857,0.9863300161163258,0.9951489766390617,0.9966435182670065,0.9738966300419397,0.9948011164326382,0.9943509121805822,0.9690775207504292,0.9877660230648265,0.009068467891530397
16,1.659174132347107,0.4243338707138309,0.01963794231414795,0.005136178143068062,50,9,"{'hgb__max_bins': 50, 'hgb__max_depth': 9}",0.8748212714918716,0.8622616376538583,0.8970168008709125,0.7560535082234099,0.8022241286409034,0.8928499807247307,0.8898415681655807,0.8601329439176657,0.882001973243833,0.8847264664691025,0.8601930279401868,0.0433621073926164,2,0.9913217785356336,0.9694322145246175,0.9954015484610844,0.9890859265463641,0.9971630145877691,0.9965469289492437,0.9876457995458662,0.9789079281848473,0.9987027213869725,0.9938822109154878,0.9898090071637885,0.008763473432339774
17,1.4691851615905762,0.6160927637487329,0.020708894729614256,0.013193101860671321,50,10,"{'hgb__max_bins': 50, 'hgb__max_depth': 10}",0.8619016989278039,0.8539567058951748,0.8786670846929975,0.7544893729331612,0.802395347385387,0.8933549806198836,0.8883928040690476,0.8427329257519957,0.7870224794770073,0.896941249237841,0.8459854648990299,0.046671775951197605,14,0.9932637951297647,0.9771566082355998,0.8935536738371997,0.9944981487710376,0.9996520761328456,0.9948754723288937,0.9792620036807157,0.9920112754518268,0.9388731078367655,0.993902982468585,0.9757049143873235,0.03212430931399814
18,0.5447710037231446,0.11439125020758156,0.01398766040802002,0.0030624715475962598,100,2,"{'hgb__max_bins': 100, 'hgb__max_depth': 2}",0.8472663508866873,0.8240508819729802,0.8348787429287695,0.6541673391151929,0.7434385747193412,0.85005824539564,0.8698967773772244,0.8601521482534438,0.9069515908460619,0.8775483757003736,0.8268409027195714,0.07053592028052513,25,0.8808089676009869,0.8903464033459901,0.8848284853894816,0.795677404634531,0.9006035801410869,0.8990317114497437,0.892644395911424,0.8910230322248666,0.8940621936098286,0.8892304712996328,0.8818256645607573,0.029255828090286217
19,0.7658370018005372,0.033720015909507385,0.01668989658355713,0.001094505272059017,100,3,"{'hgb__max_bins': 100, 'hgb__max_depth': 3}",0.8558055419545546,0.8400100699659776,0.8694633065402462,0.7396435765923683,0.7493485533422137,0.8663860680014507,0.8812846300545083,0.8607787939341235,0.8993465650514015,0.8912877432644875,0.8453354848701331,0.05301620048223825,16,0.9480344016209759,0.9559491658175444,0.9484459110875239,0.9550113724701862,0.963106244905216,0.9629779601623292,0.9645463135945149,0.9596717736273704,0.9543743823422772,0.9489244544293103,0.9561041980057248,0.005998370056063236
20,0.8581732273101806,0.2660032738386038,0.01494743824005127,0.004233511073830154,100,4,"{'hgb__max_bins': 100, 'hgb__max_depth': 4}",0.8533630089287669,0.8569528602621989,0.888522903216535,0.7404847390518591,0.7629748732071181,0.8875570381475909,0.8864513027903153,0.8660403068932311,0.8840837754548392,0.8700211237449135,0.8496451931697369,0.05066403215509463,10,0.9780168620352352,0.9701703786138601,0.9786382737464162,0.9774083405722015,0.9872114689560632,0.9433740048959748,0.9858619572416814,0.9859192426427743,0.892896589051498,0.8987929763402047,0.959829009409591,0.03418316887644514
21,1.1465487957000733,0.3713520503165719,0.0152587890625,0.004664325796006932,100,5,"{'hgb__max_bins': 100, 'hgb__max_depth': 5}",0.8597918166203847,0.8389185143596908,0.8963097168865295,0.7427443531154267,0.7555349324661458,0.8958626096844661,0.8969153897291763,0.8584749412297734,0.839862514311885,0.8957806674023723,0.848019545580585,0.054153822731000174,11,0.9375633596119746,0.9808802120896205,0.9873098651463692,0.9923000432762166,0.9713758644714671,0.9923677256997467,0.9786699091030058,0.9760706605532175,0.9596716423898829,0.9957936934932974,0.9772002975834798,0.01683809121532348
22,1.4599650144577025,0.3937952421499397,0.018271398544311524,0.004164544350205066,100,6,"{'hgb__max_bins': 100, 'hgb__max_depth': 6}",0.8629542274553444,0.875288073808097,0.8918562510537712,0.7414395556503048,0.765997168652344,0.8900746334980438,0.8879061718563156,0.8547981783307387,0.8802159598314262,0.8783754231634093,0.8528905643299793,0.05108970744373756,7,0.987450760874789,0.9860256764515105,0.994855478808891,0.987341694746002,0.9839873105604982,0.9891996524301144,0.9904751282423314,0.9715708225393703,0.9828850885365833,0.9775147012927214,0.9851306314482811,0.006316538580114221
23,1.4294936180114746,0.5732141874533276,0.017517995834350587,0.006301460032939679,100,7,"{'hgb__max_bins': 100, 'hgb__max_depth': 7}",0.8632036007998446,0.8710139606357933,0.9003912849517604,0.7456177141917332,0.7899899741368395,0.8819424335481387,0.8707236108619624,0.8481759504548181,0.8099545758267598,0.8922049903501518,0.8473218095757801,0.04734802260126142,13,0.9875494229933157,0.9935709406852,0.9964077153530009,0.9967684398688303,0.9903533619187131,0.9825310706554572,0.9281805829345463,0.955780338215238,0.9816685333818029,0.9749920002764664,0.9787802406282573,0.02046945596891849
24,1.5361831903457641,0.3296486514810961,0.018282222747802734,0.003601533447991785,100,8,"{'hgb__max_bins': 100, 'hgb__max_depth': 8}",0.859811425537333,0.8684503124771145,0.9262546282193056,0.7430683638429334,0.7891249850810715,0.8898007720047406,0.8839543202290997,0.8503706694863731,0.8734999965936252,0.9050857358206144,0.858942120929221,0.051880435862646575,3,0.9645092762268672,0.9887270756509261,0.9719589441283416,0.9942901453788976,0.9977960121576728,0.9976361720307013,0.9811180076181103,0.9869611184303241,0.995369109824086,0.9802617672708487,0.9858627628716775,0.010747041938854719
25,1.723112940788269,0.33453510262171104,0.02000272274017334,0.003987585251848373,100,9,"{'hgb__max_bins': 100, 'hgb__max_depth': 9}",0.8737118873541183,0.8672998560318022,0.8750571232300047,0.7406809660474843,0.7680319236503296,0.8943890545990482,0.8967345458292957,0.839421939034543,0.9281697891683424,0.8970722446951956,0.8580569329640164,0.056658968007909795,4,0.9894165837099131,0.991818118389366,0.9869976439764414,0.9901770703822782,0.9925900368137495,0.9952409616980986,0.9957281376464423,0.9624689076144005,0.9980237776179935,0.9970261214930243,0.9899487359341705,0.009753774213962431
26,1.7597174167633056,0.4043067194267966,0.0204526424407959,0.004405004985116628,100,10,"{'hgb__max_bins': 100, 'hgb__max_depth': 10}",0.8673822325846975,0.895628588016669,0.8659453647233177,0.7431525962828878,0.7863005487211621,0.8714497554165292,0.8987817464497381,0.8756714238891298,0.8803774169623301,0.8885497807834387,0.85732394538299,0.0484598767880509,5,0.9901063797727587,0.9926525721621318,0.9846162906490267,0.998366552067015,0.9982303994078209,0.9974474897663996,0.9823878676355919,0.9693430338377712,0.9935916447170248,0.9980221115029757,0.9904764341518517,0.008881861593831664
