,mean_fit_time,std_fit_time,mean_score_time,std_score_time,param_hgb__max_bins,params,split0_test_score,split1_test_score,split2_test_score,split3_test_score,split4_test_score,split5_test_score,split6_test_score,split7_test_score,split8_test_score,split9_test_score,mean_test_score,std_test_score,rank_test_score,split0_train_score,split1_train_score,split2_train_score,split3_train_score,split4_train_score,split5_train_score,split6_train_score,split7_train_score,split8_train_score,split9_train_score,mean_train_score,std_train_score
0,1.8335913181304933,0.7324128122082337,0.022741222381591798,0.0140224457295449,2,{'hgb__max_bins': 2},0.8424680974671991,0.8021950606280699,0.8138220145144411,0.6893733953278693,0.7357963891126824,0.7164265293376091,0.7912102706053803,0.6532489697187001,0.8229041626187188,0.8703929931092382,0.7737837882439907,0.0675013190811334,10,0.9616700495007979,0.9601397531683554,0.9740217231515225,0.8457635562688223,0.90262335409286,0.9650743060139657,0.9336115751909904,0.9724635876272729,0.92634616895065,0.9620204088421783,0.9403734482807415,0.0383452050751959
1,2.084103226661682,0.57136505104102,0.02079894542694092,0.004836327608795878,3,{'hgb__max_bins': 3},0.8606984975850668,0.8337423440656405,0.8364906809007285,0.743809963164426,0.7812300826581968,0.8500968574907258,0.871115580011566,0.7652039364812454,0.830779115535342,0.871213462187234,0.8244380520080172,0.0429982178687934,9,0.9754931304356014,0.9774867970718024,0.9804635984905499,0.975974203219493,0.9877399951852408,0.9748782091358075,0.9815249256141134,0.9859878341994429,0.8931482842814863,0.981486806091531,0.9714183783725069,0.026412797404267146
2,1.7250678300857545,0.3416792570651546,0.01984279155731201,0.0033191124901507307,5,{'hgb__max_bins': 5},0.8443165656877063,0.8633538190153409,0.846602299332216,0.7392093169445918,0.7828973592932352,0.8605428514590098,0.8866677393376977,0.7771953444288973,0.8203571417792552,0.8925391976954651,0.8313681634973417,0.047929669190086885,6,0.975448628776816,0.9821444000582393,0.9840370276712439,0.9756831154331882,0.9649453639923454,0.9853544904940007,0.9880912099222875,0.9848993306779772,0.9823886436900241,0.9503694414915121,0.9773361652207635,0.011035151689789715
3,1.7910478830337524,0.39695840761790485,0.020544552803039552,0.004640072814305505,7,{'hgb__max_bins': 7},0.843894022353383,0.8280992937897741,0.8841116860828672,0.7470526598880245,0.7736365775209596,0.8358261776455328,0.8953999264595514,0.7709962310064779,0.8324465788791415,0.8587870338708611,0.8270250187496574,0.04660530136411008,8,0.9710128531853061,0.9913534963084579,0.9925082181518908,0.9910632975423049,0.9879121425205879,0.9969724078543604,0.9944011098479244,0.9772722982916094,0.9794300171876719,0.9883654921206525,0.9870291333010766,0.007938758709185515
4,1.9415999174118042,0.43160854493064954,0.02204904556274414,0.005022814775495641,10,{'hgb__max_bins': 10},0.8701369375738272,0.8269921848017824,0.7775457860262665,0.7416738269538568,0.7741967289380688,0.871084784410677,0.8738704889222566,0.7894251389713149,0.8969140745650669,0.8716947526158053,0.8293534703778922,0.051727794850331126,7,0.990803476109159,0.9900093665214822,0.9844447996810637,0.9892335644914763,0.9943419450536465,0.9672187866290937,0.9837304838311933,0.986692971621055,0.9820165575220917,0.987920143286279,0.9856412094746541,0.0070586357326391
5,1.7250566959381104,0.5325510924574749,0.019832825660705565,0.00562161068431453,20,{'hgb__max_bins': 20},0.8616653224518548,0.7425965371947519,0.8772100786978746,0.7331383607834278,0.8078876580474532,0.865849678253683,0.8934692979861539,0.8363224833854533,0.8751319105031119,0.8667473066012574,0.8360018633905021,0.05396530141282262,5,0.982125639869184,0.9719760243969097,0.9905294506304255,0.9797259965246984,0.9945483824949117,0.9808256139449562,0.9904427017464493,0.9838202852445244,0.9568660756213251,0.9966403966213903,0.9827500567094776,0.01119053951495053
6,1.7573195934295653,0.405159233767231,0.020676660537719726,0.004874425052913011,50,{'hgb__max_bins': 50},0.8597817447669238,0.8683670330261334,0.8787899775170763,0.750631627378469,0.7944824319888538,0.8959694225376811,0.8943442060230509,0.8469268405950727,0.922530104647761,0.8954558671891113,0.8607279255670133,0.049480476827767114,1,0.9627578275076816,0.9924017248756822,0.9853683316167645,0.9983477942738925,0.9905509995207622,0.9959160307528334,0.990199193074024,0.988534177838068,0.9817108914916532,0.991294118283633,0.9877081089234995,0.00945721953584906
7,1.6346004009246826,0.46218295835795226,0.018443989753723144,0.005221084641586207,100,{'hgb__max_bins': 100},0.8722226212823561,0.8619809783111928,0.8778520850847636,0.7498523767119072,0.7826782862736057,0.8953198144084299,0.8940990718903067,0.8505550569734334,0.8869055263864039,0.8900966636654661,0.8561562480987865,0.047502184357247415,3,0.9595947000685658,0.9882598299327864,0.9955325494186058,0.9867659290107684,0.9920495663923866,0.9874524671712241,0.9617509855837959,0.984189308679789,0.9833738281682259,0.9870638149595045,0.9826032979385653,0.011473690299603134
8,1.6849780559539795,0.49098631202879417,0.018481111526489256,0.0053956537135867915,200,{'hgb__max_bins': 200},0.8691115781065764,0.8899690219337163,0.8507256232240988,0.7437157395711961,0.772063984083929,0.879402781364518,0.9028052099533439,0.8692476344014746,0.9072990867853309,0.8979088327408586,0.8582249492165042,0.05315919218537451,2,0.9588290914189025,0.9896959864158512,0.9953328054687471,0.9859864421956394,0.994227174534805,0.9963442013318768,0.9854676438888496,0.9959339356249785,0.9901384603118819,0.9883185441106914,0.9880274285302223,0.010459795641338032
9,1.6675370454788208,0.560431802362083,0.019588589668273926,0.007443398455770879,255,{'hgb__max_bins': 255},0.8715184068113024,0.8823071449999574,0.8719454878122435,0.7495489134762844,0.7528251891346902,0.8964172084402066,0.8525092402615707,0.8503705322656574,0.9089448442341833,0.9047018628378724,0.8541088830273967,0.054754646029533456,4,0.9829562090219036,0.9905321643579703,0.9963336930953988,0.9747115882618557,0.9927354314403363,0.9978206261201954,0.8854473930491394,0.9878457091902966,0.9919010881667379,0.9979027352293881,0.9798186637933222,0.03218346477607523
