,mean_fit_time,std_fit_time,mean_score_time,std_score_time,param_rf__max_depth,params,split0_test_score,split1_test_score,split2_test_score,split3_test_score,split4_test_score,split5_test_score,split6_test_score,split7_test_score,split8_test_score,split9_test_score,mean_test_score,std_test_score,rank_test_score,split0_train_score,split1_train_score,split2_train_score,split3_train_score,split4_train_score,split5_train_score,split6_train_score,split7_train_score,split8_train_score,split9_train_score,mean_train_score,std_train_score
0,0.45782811641693116,0.012197487751819634,0.0038301229476928713,0.0003440172907260368,2,{'rf__max_depth': 2},0.858886781031889,0.7032022618654733,0.8482193484607089,0.6310691417995272,0.6731676849140846,0.8015408763813024,0.7094504061054918,0.7710626774027172,0.7238118551737288,0.7987083974261766,0.7519119430561101,0.07176858156122774,9,0.7205065522084633,0.750217332975807,0.7263526799237391,0.7793351507654429,0.7456304594321815,0.7587203513319413,0.7395206363482262,0.735314131735633,0.7366978390034665,0.7401782481986452,0.7432473381923546,0.015898794279964813
1,0.657879900932312,0.026759123350566724,0.005651164054870606,0.003588605872075881,3,{'rf__max_depth': 3},0.8511741842048718,0.7613505608136552,0.8432512676460469,0.6569407089823185,0.7316822837083704,0.7473439645551733,0.8546685220465455,0.7524874541959922,0.7370689342175247,0.7863179608709621,0.772228584124146,0.0596408155169572,8,0.8017989511985028,0.7947321846285907,0.7805344111115716,0.8200706651693356,0.7735645580728178,0.7613346081486123,0.7815383275196465,0.808598619052274,0.7926631390923967,0.7998621514512086,0.7914697615444958,0.016575706385315112
2,0.8342407703399658,0.05021318250581844,0.0046940803527832035,0.0005676916813604671,4,{'rf__max_depth': 4},0.860155467780623,0.7920955766026441,0.827345976160814,0.6710109818725222,0.7922541139065762,0.8166106353445097,0.877556832108001,0.8208874700487991,0.8187129907865134,0.8564914597655378,0.8133121504376539,0.054427674532619645,6,0.8315230195156018,0.8469293122195527,0.8331611503916152,0.8385080254594653,0.8484192519666047,0.8209515721423534,0.851443551540445,0.8270848597730073,0.8287870536095432,0.833707682571781,0.8360515479189969,0.009538203349920924
3,0.9915813684463501,0.015965117876012378,0.004680418968200683,0.00038130881149127437,5,{'rf__max_depth': 5},0.8590468789075719,0.7749896046368369,0.807605020548167,0.7020237837206041,0.8024808165038313,0.7913610700332728,0.8917093617382114,0.8200831172016769,0.8057472497158745,0.8693756233382679,0.8124422526344315,0.05095278672855289,7,0.856111883855055,0.8620438372133653,0.8697299044363386,0.8690124849986001,0.8851843536870146,0.8537043312284431,0.8657761064720934,0.8579912451133889,0.8405281826648672,0.8510009792282066,0.8611083308897373,0.01163755272193999
4,1.179010796546936,0.02869651883841471,0.0051584959030151365,0.0004210604011363901,6,{'rf__max_depth': 6},0.8390511385561856,0.7740169111762266,0.8591550074763513,0.7383272585701565,0.7930555816929831,0.8180307985514327,0.8828902524393161,0.8296916069445374,0.875739023162857,0.8515327598802128,0.826149033845026,0.04379837856249704,2,0.8731895138787696,0.8844810592545763,0.878051173780742,0.8909630593213262,0.8966862962594956,0.8894389666680212,0.8721771853212906,0.880823554614959,0.879471567016751,0.8783511414673162,0.8823633517583248,0.007529901150944982
5,1.3254775285720826,0.023868162233197907,0.00574495792388916,0.0013538101435199802,7,{'rf__max_depth': 7},0.8615583517374006,0.7569679816441595,0.8034098743378647,0.7501635417206666,0.7876100109587989,0.8535011866677421,0.8680799546234294,0.8442261624802727,0.8575819940070375,0.8384986305345701,0.8221597688711941,0.04198867059625062,4,0.8730526110344071,0.8922961592435081,0.8962303202262064,0.9057529661854726,0.9109571036700953,0.909455368883112,0.8804502538796953,0.902845306821937,0.8969596532416069,0.9006255318820753,0.8968625275068117,0.011592092856410245
6,1.4806640625,0.014239609312536828,0.005624222755432129,0.0005249473728894534,8,{'rf__max_depth': 8},0.8384361755978296,0.8166104625924662,0.8537346490538122,0.7353346581735842,0.7933394730381643,0.8015486630386673,0.8957855406996218,0.8514197364657218,0.7897901910335143,0.8546612933088483,0.823066084300223,0.042964567753445926,3,0.8974041706466751,0.901404431042946,0.904418470650861,0.9131683148945781,0.9154403715521453,0.9045252041365626,0.8880236031087427,0.92031206812213,0.8952245624542936,0.9040112064678683,0.9043932403076802,0.009286677951520828
7,1.630150556564331,0.017786923930433768,0.0059921503067016605,0.00031492501458221827,9,{'rf__max_depth': 9},0.851813219485213,0.7237979638139849,0.8496484428162611,0.7285074339884327,0.7965227844448592,0.8634032804760913,0.8870066568417545,0.7961309285147847,0.7892392344254494,0.8515665012125221,0.8137636446019352,0.05344644885225441,5,0.8995674071081263,0.8931568977294397,0.9256677706868556,0.9265475572055282,0.9153041574764617,0.9270220159457764,0.9291675194738157,0.9273770895770583,0.9164406720054433,0.9321348144815692,0.9192385901690076,0.0125578131836646
8,1.788803505897522,0.020843235105385678,0.006333613395690918,0.0003200238235268999,10,{'rf__max_depth': 10},0.8497326381761372,0.8444571337866645,0.8755456661597013,0.715914684645707,0.7965285172967387,0.8570091171426905,0.8853883738036366,0.8578251774932116,0.797849604875992,0.8988038156399415,0.8379054729020421,0.051500335499541555,1,0.9481491141406014,0.9171578908025547,0.9361308455469793,0.931388756451652,0.9393963685312705,0.9234108605946987,0.9221024575573927,0.9406475365287515,0.922032827862853,0.926967272423479,0.9307383930440233,0.009531509640734456
