,mean_fit_time,std_fit_time,mean_score_time,std_score_time,param_rf__max_depth,param_rf__max_features,params,split0_test_score,split1_test_score,split2_test_score,split3_test_score,split4_test_score,split5_test_score,split6_test_score,split7_test_score,split8_test_score,split9_test_score,mean_test_score,std_test_score,rank_test_score,split0_train_score,split1_train_score,split2_train_score,split3_train_score,split4_train_score,split5_train_score,split6_train_score,split7_train_score,split8_train_score,split9_train_score,mean_train_score,std_train_score
0,1.2379020214080811,0.022691943671143446,0.004088592529296875,0.00033683519670232555,4,0.3,"{'rf__max_depth': 4, 'rf__max_features': 0.3}",0.8550438998662077,0.7584076290273489,0.8102708746735078,0.7058113758843857,0.7818280769328433,0.8572890517704529,0.8679396846922486,0.8077276947639338,0.8433093570334012,0.8546672995830311,0.8142294944227361,0.049863759598733425,26,0.8389628012926451,0.8557888515735094,0.8124313157416163,0.8584621766239297,0.8550197319091594,0.8555126600973052,0.8534034435908908,0.8692928219287448,0.8201794837493042,0.8416829644893237,0.8460736250996428,0.016976456151292795
1,1.653052067756653,0.021563933893552153,0.00394899845123291,0.00019191863503987652,4,0.4,"{'rf__max_depth': 4, 'rf__max_features': 0.4}",0.8577914473191705,0.8266052080268328,0.8087665997127341,0.6711806484994404,0.7765249766326447,0.8424914162177983,0.859246755511798,0.8184629570266303,0.8265390598930259,0.8219465040724059,0.810955557291248,0.0518771158117576,30,0.8377157889282824,0.8467071817762271,0.8145738742292463,0.8347958149149408,0.8604829892398522,0.8493632699788094,0.8528784125426162,0.8262873652823318,0.8295577141401342,0.8293328689754993,0.8381695280007939,0.013319953438347597
2,2.115478253364563,0.036789649959381304,0.0039701700210571286,0.00020531263215487532,4,0.5,"{'rf__max_depth': 4, 'rf__max_features': 0.5}",0.8593077927635767,0.7741363299234831,0.7932929055661723,0.7188619930699183,0.782889816178137,0.781416237505208,0.8158765142873927,0.8215758885809031,0.8661385968232751,0.8696158257628648,0.8083111900460931,0.04549760507551268,32,0.8337623149171135,0.8354643138460158,0.8441326405180379,0.8307216194542647,0.8538480675390617,0.8451167759754736,0.857488843183671,0.8617919483807667,0.8436909554462674,0.8503933277859728,0.8456410807046645,0.009822289691175741
3,2.5170706272125245,0.03239212273308245,0.003960752487182617,0.0001969947327956359,4,0.6000000000000001,"{'rf__max_depth': 4, 'rf__max_features': 0.6000000000000001}",0.8425805404952394,0.7326832548305666,0.8722173242731778,0.6824345133642451,0.7781821603536763,0.7028099250116422,0.8573972245010582,0.8136188603813373,0.8361217750922785,0.8559482536262015,0.7973993831929423,0.06568929392648873,39,0.8121111027231398,0.8311435119200574,0.8571389488190229,0.858396243839371,0.834917545348885,0.8548161142626178,0.8140067879075341,0.83465449382405,0.8321702521373869,0.8534433261985572,0.8382798326980622,0.016280054177241172
4,3.0381627559661863,0.08484135758073191,0.004217958450317383,0.00046089433247563995,4,0.7000000000000002,"{'rf__max_depth': 4, 'rf__max_features': 0.7000000000000002}",0.8531325184220411,0.7491837045533827,0.8299179822401241,0.6778368152740422,0.7662984917168099,0.7366585316028219,0.8472025779532062,0.8350278246457064,0.9117579360389232,0.8747581534801382,0.8081774535927195,0.06872929885531784,33,0.8603062512285795,0.859767323213631,0.8345788401865774,0.8477055253426058,0.8372673767528689,0.8361970442751189,0.8536694703792354,0.8644876000939374,0.8455421252438508,0.8517268640997198,0.8491248420816124,0.010177861981144575
5,3.392968702316284,0.05139314083933181,0.0039242029190063475,0.00030590166714929894,4,0.8000000000000002,"{'rf__max_depth': 4, 'rf__max_features': 0.8000000000000002}",0.8563335539157613,0.7854739569530791,0.8385504198560475,0.6645157606212881,0.7811827786643991,0.7285813817023363,0.8387639675399382,0.7855272289003503,0.8922122074924552,0.8565309880436562,0.8027672243689311,0.06481949619390048,37,0.8499289492427662,0.8329355959427222,0.8501840509229632,0.8460931175140756,0.833752454091775,0.8263800283756393,0.8520920349759897,0.8157962081750952,0.8378898623690154,0.7875237731143714,0.8332576074724413,0.018840158217213267
6,3.8229010581970213,0.12632454331712767,0.003824448585510254,0.00023521569020839105,4,0.9000000000000001,"{'rf__max_depth': 4, 'rf__max_features': 0.9000000000000001}",0.6850609215015281,0.802834003327519,0.8982689008893551,0.6940081910135989,0.7748714109845036,0.7605288701237456,0.8273536837467835,0.7844612069585009,0.8170249769337465,0.8772842045208545,0.7921696370000136,0.06552763557414053,40,0.8022250350617396,0.8339023482716001,0.8515994543129646,0.846056435608685,0.866998243138197,0.8156491164504567,0.8496100709235269,0.7950045763008393,0.7906916046500221,0.8523947302599777,0.830413161497801,0.025961590533089548
7,0.8179226160049439,0.01803794888729123,0.003999829292297363,0.00026051463125744643,4,sqrt,"{'rf__max_depth': 4, 'rf__max_features': 'sqrt'}",0.8492607004691882,0.7758739730695822,0.857425490208685,0.7009624481434489,0.7727621950346352,0.8123637126397139,0.8519490611552917,0.7945225725643575,0.8764742580496185,0.8313136181233788,0.81229080294579,0.05005645654568533,28,0.8387136817449115,0.8358958060150016,0.8295574669847813,0.8625126241168853,0.8519106058264148,0.848665300704562,0.8321591531485611,0.8275572176343748,0.8385423166608512,0.8352837742329051,0.8400797947069248,0.010449494712050054
8,0.04784934520721436,0.0008673896365148063,0.0,0.0,4,log,"{'rf__max_depth': 4, 'rf__max_features': 'log'}",,,,,,,,,,,,,41,,,,,,,,,,,,
9,1.5107659816741943,0.0190903384692566,0.004210996627807617,0.0002997249427526947,5,0.3,"{'rf__max_depth': 5, 'rf__max_features': 0.3}",0.8326901550457555,0.7943482942486357,0.8853838807408922,0.6442209431493364,0.7858975995145097,0.8037003079150747,0.8706473531832508,0.8137275576387717,0.9031885934626093,0.8166670349923513,0.8150471719891186,0.06834594063632729,23,0.855802795502854,0.8690393526350374,0.8680336748310866,0.8663224107051533,0.8810059507680327,0.8653307673618481,0.8700786923635678,0.8703333593562382,0.8569571900419578,0.8600522038549845,0.866295639742076,0.007034026256779321
10,2.0473956823349,0.022071861893793992,0.004156589508056641,0.00023375153777144405,5,0.4,"{'rf__max_depth': 5, 'rf__max_features': 0.4}",0.8558637799488678,0.7768681220102279,0.869192960083729,0.7134468607617669,0.7558371973181527,0.7909288935856806,0.8385581713101528,0.8113427092933901,0.7830464552623,0.8584122543620201,0.8053497403936289,0.04795435536411488,35,0.8460674726764292,0.8661133159925148,0.8747682484290146,0.8843035587374392,0.8768249446990295,0.8708984526297749,0.8725804057278482,0.8739023309912044,0.8354245736362113,0.8712750391375734,0.867215834265704,0.014156426014858059
11,2.561700391769409,0.015783149552682875,0.004078435897827149,0.0002002313493957938,5,0.5,"{'rf__max_depth': 5, 'rf__max_features': 0.5}",0.8430040114898076,0.7673631871855237,0.7870626050283535,0.6546300155425171,0.7900451273843782,0.7109004333687694,0.9039295068242965,0.7492553641002979,0.9148832706282112,0.8748487742628694,0.7995922295815024,0.08026664933860878,38,0.8335625510724783,0.8793661405714795,0.8793446025734619,0.8843410755245177,0.8795572185738427,0.853190036794789,0.860006207682569,0.8615820937424602,0.8718350453434534,0.8697762645824316,0.8672561236461483,0.014768823626061422
12,3.0929538726806642,0.024197995863886358,0.004083251953125,0.00018273595689179294,5,0.6000000000000001,"{'rf__max_depth': 5, 'rf__max_features': 0.6000000000000001}",0.8581856591480133,0.8297632312678195,0.8891530023165221,0.7138327518955428,0.7726032146029485,0.8227547289554005,0.8842968739623636,0.7889907924302368,0.8199828439534321,0.8497769933474898,0.8229340091879769,0.05075172492619645,11,0.8497785126129567,0.8744913629894221,0.8731659195644041,0.8789174282272446,0.8708056300269541,0.8669814362910948,0.8700530444993749,0.8754219926367433,0.8687466438642384,0.8641167796322926,0.8692478750344724,0.007670151985851794
13,3.6977192163467407,0.08834350749879265,0.004102849960327148,0.00026692712499676476,5,0.7000000000000002,"{'rf__max_depth': 5, 'rf__max_features': 0.7000000000000002}",0.8476185851804078,0.7915625624204756,0.8280160935985239,0.7011671272465743,0.7896866278323276,0.8730133361685792,0.8955063945017848,0.8193501576692221,0.8666008599344478,0.8520437560133105,0.8264565500565654,0.05288620596736246,7,0.8525489686552656,0.8607219983810581,0.8712630951480543,0.7988374825521255,0.8824555928545057,0.8732728697250235,0.8640728958741279,0.8778117956209696,0.8606679487075501,0.8666551892313988,0.8608307836750079,0.022306628951732358
14,4.2084392786026,0.04955856532939666,0.0041695117950439455,0.00021906235343135358,5,0.8000000000000002,"{'rf__max_depth': 5, 'rf__max_features': 0.8000000000000002}",0.7338149952234814,0.768504116478085,0.8329640650315066,0.6966622068435602,0.7794263674540114,0.8706170929822401,0.882500164337548,0.8336274950710494,0.8888546010559586,0.8977811040109769,0.8184752208488419,0.06672919519078453,17,0.8215432953558832,0.8519499909730531,0.8681527322965196,0.8451001051567283,0.8720685365249216,0.8368151152855487,0.870272394378426,0.862023639708474,0.8591276413271053,0.8667148176069273,0.8553768268613586,0.015675180481000365
15,4.740724229812622,0.09755981462091991,0.0040997743606567385,0.00023058949774387895,5,0.9000000000000001,"{'rf__max_depth': 5, 'rf__max_features': 0.9000000000000001}",0.7676809557107672,0.8060537869466591,0.8233270598189786,0.6909540291550189,0.771701878563424,0.8704440655775563,0.8517109753522258,0.8270225801303457,0.8309248505338596,0.8400366143355925,0.8079856796124428,0.04960373511891418,34,0.8245973357301052,0.8617509381189211,0.8373390275611236,0.8722131350229683,0.8655138467364574,0.8292598951428485,0.8733508229342982,0.873097787200607,0.8609971712694755,0.859344310731663,0.8557464270448468,0.017506408157627027
16,0.9776328563690185,0.006319610729224021,0.004135417938232422,0.00014685434135370217,5,sqrt,"{'rf__max_depth': 5, 'rf__max_features': 'sqrt'}",0.8585241862115894,0.7880229838087429,0.8621429010051499,0.6992147316163235,0.7797565565656299,0.8322351544865337,0.8774936397218371,0.8202247033668487,0.8598202328221382,0.8653613272041326,0.8242796416808927,0.0523514069675317,9,0.860530807156889,0.8678234580083679,0.8668179467047398,0.8747334161892568,0.8620495585791421,0.8641420052673788,0.8623208924392521,0.876296374197054,0.8523573626862262,0.8574016701288533,0.8644473491357161,0.006962280753388095
17,0.047609496116638186,0.0004321866667253082,0.0,0.0,5,log,"{'rf__max_depth': 5, 'rf__max_features': 'log'}",,,,,,,,,,,,,41,,,,,,,,,,,,
18,1.8040901660919189,0.018589352333797642,0.004669713973999024,0.00024584356492655127,6,0.3,"{'rf__max_depth': 6, 'rf__max_features': 0.3}",0.8350540496258329,0.7898219526047398,0.8292337978336985,0.7338777100323255,0.7798214319992309,0.6734705447019256,0.8454063190139867,0.83370131306371,0.8596635299591914,0.8626228185646766,0.8042673467399318,0.05785567639713165,36,0.8676504540662386,0.8816607037717835,0.8908080595796015,0.8982884745070443,0.8957945530797656,0.8793665341652281,0.8819300587478005,0.8892944541749582,0.8667431344750286,0.8761979867494296,0.8827734413316879,0.010294721388624282
19,2.4621765851974486,0.0354459538782329,0.004834699630737305,0.000739596020391466,6,0.4,"{'rf__max_depth': 6, 'rf__max_features': 0.4}",0.8573671552817598,0.8487419163108451,0.7815023660489433,0.7283762366815136,0.7839659000029396,0.768925127119424,0.8458818170345285,0.8222293585449081,0.8761742700624946,0.8326078366246679,0.8145771983712026,0.044386664385593945,25,0.8738788917980772,0.8894020547431127,0.8976080164525206,0.9033436568120093,0.8837445948081714,0.871228647949493,0.886834094845535,0.8793017577971969,0.8673930644750469,0.8872045550540265,0.883993933473519,0.010818093863116435
20,3.085680866241455,0.024099742935686296,0.004585862159729004,0.0003698560798478901,6,0.5,"{'rf__max_depth': 6, 'rf__max_features': 0.5}",0.8561392805554221,0.7782504520765098,0.8059688729709206,0.7363872646356439,0.7885969715588582,0.8133922652823418,0.8737781960733686,0.7974428254817814,0.8973175575138966,0.8744449899430987,0.8221718676091843,0.04854158915911292,13,0.8673224183412113,0.8883885510530513,0.897080184638433,0.9025942887501852,0.8894821689294989,0.884670069441538,0.888815440930017,0.8837746227035665,0.8764163907355061,0.8893371676604165,0.8867881303183424,0.00936078058458351
21,3.7561737060546876,0.0804586970539862,0.0044757604598999025,0.0002955344817024629,6,0.6000000000000001,"{'rf__max_depth': 6, 'rf__max_features': 0.6000000000000001}",0.8539593238791352,0.7779877335650641,0.7942810495122871,0.7129041042413768,0.7758974212222671,0.8445987384641858,0.9066460506103969,0.8142368711392312,0.8746881507119479,0.8336819201463418,0.8188881363492234,0.0532031718986609,16,0.8712975724590591,0.8875162902275862,0.8979037954057382,0.8972161875472823,0.8878025757787846,0.8703570953764433,0.8705627855277815,0.8894671461342699,0.8792586046836246,0.8823975367441064,0.8833779589884676,0.00986871480460405
22,4.407762289047241,0.09034208504722299,0.005018401145935059,0.0006199548121685127,6,0.7000000000000002,"{'rf__max_depth': 6, 'rf__max_features': 0.7000000000000002}",0.7773620605611715,0.81367449587547,0.8021971987651277,0.7182823429072412,0.740114500149132,0.8751152853095089,0.8426745726142414,0.8221833938873968,0.8774065129225941,0.8701539935943922,0.8139164356586276,0.05282097295581254,27,0.8453332621359265,0.8862552091105508,0.8654888298791417,0.8937603612685955,0.8839071352951466,0.882643023313715,0.8878896836723607,0.8813151073931913,0.8698174639293347,0.8670828421215252,0.8763492918119488,0.013654010970310604
23,5.097415590286255,0.08301951234711985,0.004420924186706543,0.0001681005879968745,6,0.8000000000000002,"{'rf__max_depth': 6, 'rf__max_features': 0.8000000000000002}",0.8496356193843468,0.8045744370895349,0.8899316438032538,0.7108353028742546,0.7875337847837666,0.8717450807929641,0.8824460190627387,0.6524321038075207,0.9103188525263878,0.862503872839479,0.8221956716964247,0.07971797919222946,12,0.8672832432268245,0.869297651898746,0.8619680446793921,0.8864915192978875,0.882556607846779,0.9018777933695684,0.8853129220201824,0.8905984023450014,0.8927893345399939,0.8719542327401391,0.8810129751964514,0.012195552523522876
24,5.630789947509766,0.027004271302314684,0.00452272891998291,0.00029216278173481154,6,0.9000000000000001,"{'rf__max_depth': 6, 'rf__max_features': 0.9000000000000001}",0.853255921122671,0.726430312549579,0.8366593218740618,0.7221457479286276,0.7808443280990435,0.8504134946741548,0.8567895193191513,0.8336547047618672,0.9009980932583521,0.8895269730699297,0.8250718416657439,0.059033679085881065,8,0.8453530243377124,0.8927649458774339,0.9066591636828668,0.8965640666895744,0.8832090896988278,0.8682950486239699,0.88337103098419,0.892592107140355,0.8786926350598315,0.8787236079846309,0.8826224720079393,0.016125228743319734
25,1.1612516403198243,0.00451651270489421,0.004755973815917969,0.0002373526108508855,6,sqrt,"{'rf__max_depth': 6, 'rf__max_features': 'sqrt'}",0.8559652521329169,0.8226254258752831,0.8604316520557711,0.7300146871239418,0.8039367048549159,0.8212229708845509,0.8941011953591937,0.8177535131906922,0.8401466756249489,0.8508758601687445,0.8297073937270959,0.04147878802338421,5,0.8506855070161692,0.8812682636680294,0.880681947606032,0.9018055983109771,0.9013042643925102,0.8833489523455644,0.8828068194260589,0.8850524100494522,0.8762201285352283,0.8786763258337981,0.8821850217183821,0.013430136820134676
26,0.0486865758895874,0.0012256224287447042,0.0,0.0,6,log,"{'rf__max_depth': 6, 'rf__max_features': 'log'}",,,,,,,,,,,,,41,,,,,,,,,,,,
27,2.1064275741577148,0.06407994228821451,0.00504295825958252,0.00030251120271652227,7,0.3,"{'rf__max_depth': 7, 'rf__max_features': 0.3}",0.8558983155318782,0.77993456271865,0.889701640569557,0.7369220530882876,0.7758900624788504,0.8665051685991781,0.8802853401721533,0.8187153169410719,0.8601061537668682,0.8279321915274103,0.8291890805393904,0.04819295949547203,6,0.8817521585220414,0.885695398804483,0.902237445814428,0.9124736917327325,0.8931305420439871,0.9059325664116052,0.8967576671126911,0.8938414581812936,0.8777019265110276,0.8975602878324013,0.8947083142966692,0.010257516955177915
28,2.8197446346282957,0.015322726608313006,0.0047393798828125,0.00017724012796150712,7,0.4,"{'rf__max_depth': 7, 'rf__max_features': 0.4}",0.8571745483551582,0.7928848601383599,0.8600601113478133,0.7313479396324489,0.7834771680556736,0.8612701238112421,0.8533981526869557,0.8213975360615007,0.856770044940542,0.8861661440911329,0.8303946629120826,0.045149986627429195,4,0.8642180534476169,0.8760879395037157,0.8948032674704649,0.8969219938204702,0.9078497228019916,0.8784003567308173,0.8947851874809154,0.901608155941925,0.878321622366419,0.8926272499973172,0.8885623549561654,0.012894455854303292
29,3.61429648399353,0.08529554774832177,0.004963827133178711,0.0002985218416439417,7,0.5,"{'rf__max_depth': 7, 'rf__max_features': 0.5}",0.8444983421811268,0.7982815007012625,0.807023948786759,0.6820491162834196,0.7899482149808432,0.8543647154925028,0.896404296432577,0.8064780218248421,0.8787177236717869,0.84177508265971,0.819954096301483,0.056830532543756765,14,0.8854397289055449,0.8900290017284177,0.9086407596771635,0.8824183708092888,0.9149618433820242,0.9004343596940318,0.9012416263767224,0.8889964032880581,0.9038913427948924,0.886369397373792,0.8962422834029937,0.01049569651110071
30,4.324382090568543,0.04165012344547259,0.004895472526550293,0.00025171258593713054,7,0.6000000000000001,"{'rf__max_depth': 7, 'rf__max_features': 0.6000000000000001}",0.7251722376968213,0.8002642385980298,0.8910061722746644,0.6946532489970532,0.793097321490657,0.8592391338856278,0.8859454060767611,0.8244109563571336,0.8420658064461685,0.8604820029303054,0.8176336524753223,0.062319260663631124,18,0.875615807425047,0.8728517600931397,0.9044259749563258,0.9024053908009902,0.9134088704022681,0.8917466804659632,0.8834424818857067,0.8962908073905966,0.8932967651394031,0.8991601379034753,0.8932644676462915,0.012185156160533435
31,5.11534857749939,0.08611131418654222,0.004886174201965332,0.0003826888311068386,7,0.7000000000000002,"{'rf__max_depth': 7, 'rf__max_features': 0.7000000000000002}",0.8503059651357565,0.7645737988458224,0.8964445884861288,0.7361662015038751,0.7392979425986523,0.7317226028905047,0.9001813769916044,0.8224626735267156,0.8137555945450508,0.8542422177015057,0.8109152962225616,0.06163557309546776,31,0.888881139777191,0.8879014388743939,0.9047705511963453,0.8899230572504448,0.9098689446679163,0.8963004410817083,0.8864968579686804,0.8945476568441223,0.8937943700606695,0.9036789592898467,0.8956163417011318,0.007598242211872473
32,5.8483375072479244,0.09061402375150247,0.004844141006469726,0.00032922877572274986,7,0.8000000000000002,"{'rf__max_depth': 7, 'rf__max_features': 0.8000000000000002}",0.8540569086147194,0.8097238344868473,0.7888262811811639,0.7094304102711286,0.7549604639054142,0.8774949899631316,0.9002137664721934,0.8279647475265998,0.8758731724144421,0.8401142992838858,0.8238658874119527,0.056456490997445284,10,0.8804922962860269,0.8986505263171275,0.9084685752530465,0.9090303715995083,0.9002390229218363,0.8785246883767783,0.8954912819079061,0.8965275069267824,0.8883991337254715,0.8944493386869613,0.8950272742001445,0.009733338431544841
33,6.663457989692688,0.11583837116673051,0.004876852035522461,0.0002562970227803662,7,0.9000000000000001,"{'rf__max_depth': 7, 'rf__max_features': 0.9000000000000001}",0.6731942642001252,0.8367614953189679,0.8933292764575628,0.695826395844153,0.7743348937839719,0.8511769065966439,0.88294386676922,0.8236948826018677,0.8842348789969441,0.8536310219230754,0.8169127882492532,0.0740431489384912,19,0.8597553948293163,0.8877170025419586,0.9058561269050888,0.9134866179795569,0.9034828910643888,0.8794669377970936,0.9007987022356874,0.8855789788698138,0.898768520258806,0.8859350621283023,0.8920846234610013,0.014838569574568986
34,1.3390899896621704,0.01832225792560795,0.005177998542785644,0.0003680488919102934,7,sqrt,"{'rf__max_depth': 7, 'rf__max_features': 'sqrt'}",0.845851709762954,0.7576588706703602,0.8659565155602079,0.7444279459157161,0.7934563866683876,0.8617505734938596,0.8943791627099508,0.8160091302040932,0.8877441894268142,0.868798062017682,0.8336032546430026,0.050491351097584916,2,0.8759674331605443,0.8828636328644948,0.8941594702390968,0.91378393681895,0.9000312528158336,0.8960248800660549,0.8913404829790429,0.9134766510136721,0.8849342437248748,0.8775052154267293,0.8930087199109293,0.012696260609808729
35,0.0506892204284668,0.0008896269981673782,0.0,0.0,7,log,"{'rf__max_depth': 7, 'rf__max_features': 'log'}",,,,,,,,,,,,,41,,,,,,,,,,,,
36,10.330062365531921,23.941682907188092,0.005099940299987793,0.0002395656422392874,8,0.3,"{'rf__max_depth': 8, 'rf__max_features': 0.3}",0.8526737771728922,0.796912126811986,0.8769878314437144,0.7367879031445104,0.7827549090569829,0.8315366508798538,0.8694699972647939,0.8265154893687835,0.866936112548431,0.8738801169843695,0.8314454914676318,0.044247698087987494,3,0.9064363174055466,0.919405257414017,0.9125226468226754,0.9168398459242295,0.9178327489103967,0.914674229527605,0.9071909526964909,0.9151073757807502,0.9101013973296583,0.9009209414679026,0.9121031713279271,0.005564967566013723
37,3.17887806892395,0.02902140847968981,0.00512547492980957,0.0001677987452898378,8,0.4,"{'rf__max_depth': 8, 'rf__max_features': 0.4}",0.8501288586798377,0.8045225831139254,0.8531674844230477,0.7251070661233274,0.804383460041794,0.8814782632765676,0.8991401662765282,0.8260362860466997,0.9167722721071851,0.8723337629671682,0.8433070203056081,0.05314755757756372,1,0.8965112677580701,0.9033498620482956,0.9153482075769,0.9199242322583931,0.9166139299693149,0.8963818024906777,0.9019025474243407,0.9024669767762021,0.9050520489997383,0.9133125421227308,0.9070863417424663,0.00809530482824137
38,4.060981488227844,0.0741717185132994,0.005132269859313965,0.00033883331873306205,8,0.5,"{'rf__max_depth': 8, 'rf__max_features': 0.5}",0.854055761526546,0.7914026962200583,0.796295715923501,0.7351007679708661,0.760409846430097,0.8538988513783111,0.8728873353891365,0.8172977562802349,0.844515598975934,0.8402199140311515,0.8166084244125837,0.04259893885909974,20,0.9062280413291017,0.8981796029168062,0.8982568336896661,0.9127848812342406,0.9140149125321596,0.8933350412854129,0.8990744254607251,0.9149365823181734,0.9027815237515527,0.8905784404570005,0.9030170284974839,0.008239355787193672
39,4.951415586471557,0.10482883914692522,0.004971456527709961,0.00026534852074705127,8,0.6000000000000001,"{'rf__max_depth': 8, 'rf__max_features': 0.6000000000000001}",0.8526014991742953,0.8333455203657089,0.8139841478664569,0.7775633995207801,0.7753508480273092,0.8753547191220638,0.8463496933843416,0.7289033545607077,0.8109422156855804,0.8472665683268162,0.8161661966034061,0.042198509182485106,21,0.8834471793327737,0.9137378622253556,0.9057219814641284,0.917639567423753,0.8934204016362234,0.9212166920073751,0.8985588962033025,0.8980964046681832,0.9117612182978414,0.9012719384820057,0.9044872141740943,0.01115505671859774
40,10.60437524318695,14.738954582265617,0.005161166191101074,0.0003846660937961837,8,0.7000000000000002,"{'rf__max_depth': 8, 'rf__max_features': 0.7000000000000002}",0.7535544559203443,0.7921645159901388,0.8991052375226887,0.7048335689589715,0.7879084086474067,0.8497852336002429,0.9127020311525269,0.7504304735914561,0.8229107164807749,0.8747865603485346,0.8148181202213085,0.06542393032054607,24,0.8856034078080404,0.9103303455116132,0.924741383904303,0.9216955378302919,0.9265752506596191,0.8856187497691278,0.9080297517636743,0.9111203274932934,0.9006873093533975,0.9121659380522551,0.9086568002145615,0.013773502787728879
41,6.568862795829773,0.11051479325271853,0.005070734024047852,0.0004566549344577679,8,0.8000000000000002,"{'rf__max_depth': 8, 'rf__max_features': 0.8000000000000002}",0.7636388962390085,0.8084356284640016,0.8125476540689782,0.6865158813151083,0.7861438758143064,0.8478812099029999,0.8968143957048814,0.7780446482003566,0.9021004778928386,0.832599301675725,0.8114721969278206,0.06077841283743562,29,0.8982232485186175,0.9077310885072458,0.9264159803423251,0.9079186106729908,0.9225598346388435,0.8888247630953705,0.9105731294244268,0.8877269975219022,0.9045817880355952,0.9056329995770268,0.9060188440334344,0.011874945612841432
42,21.07091178894043,41.18799856354407,0.004994964599609375,0.0002564893998373176,8,0.9000000000000001,"{'rf__max_depth': 8, 'rf__max_features': 0.9000000000000001}",0.7628826856509666,0.7662757760197066,0.8879977327461562,0.7026485664591738,0.7759503001191771,0.8356200012413647,0.8468525427412344,0.8168196343423351,0.9029314491883921,0.8605322048627755,0.8158510893371282,0.0598394644259394,22,0.8689550439568983,0.8969083321188415,0.9358437357974411,0.8717749096853663,0.9268406889459924,0.92775831682583,0.8964114558234685,0.8977677544436066,0.8890788027872202,0.9033552756303802,0.9014694316015044,0.021616017814626208
43,1.5147094249725341,0.06965644899362211,0.005339932441711426,0.0003877412435012287,8,sqrt,"{'rf__max_depth': 8, 'rf__max_features': 'sqrt'}",0.8544375046655102,0.737647947457133,0.8131413086405712,0.7152755954599956,0.7850165320632682,0.875813878183935,0.918201754385965,0.7409336269581063,0.8971624415771176,0.859415670140426,0.8197046259532028,0.068354164292171,15,0.8944822949443924,0.8932333715676216,0.9052032415250766,0.9134120729122305,0.9133270604127344,0.9092363106069451,0.9011263049498675,0.8947747458512236,0.902690490185322,0.901283970673854,0.9028769863629267,0.0070767109664717975
44,0.04912557601928711,0.00059812048743906,0.0,0.0,8,log,"{'rf__max_depth': 8, 'rf__max_features': 'log'}",,,,,,,,,,,,,41,,,,,,,,,,,,
