,mean_fit_time,std_fit_time,mean_score_time,std_score_time,param_rf__max_depth,param_rf__min_samples_split,params,split0_test_score,split1_test_score,split2_test_score,split3_test_score,split4_test_score,split5_test_score,split6_test_score,split7_test_score,split8_test_score,split9_test_score,mean_test_score,std_test_score,rank_test_score,split0_train_score,split1_train_score,split2_train_score,split3_train_score,split4_train_score,split5_train_score,split6_train_score,split7_train_score,split8_train_score,split9_train_score,mean_train_score,std_train_score
0,0.8155109882354736,0.01880490071295174,0.004612779617309571,0.0006436717413070039,4,2,"{'rf__max_depth': 4, 'rf__min_samples_split': 2}",0.8646184822841337,0.7334569320670201,0.8815761998211895,0.6964499374178283,0.7678935773309723,0.79777848760246,0.8805192814217168,0.8147749789293735,0.783025380916716,0.8535143182806035,0.8073607576072014,0.0602729994161438,13,0.8343338880201814,0.8418978866661143,0.852277150263237,0.8631991392744188,0.8427353732792844,0.838642282030817,0.8395906871393433,0.8437999328703433,0.8142782230511317,0.8149116015336043,0.8385666164128477,0.01420936182331887
1,0.8616841077804566,0.060652183732596655,0.004725432395935059,0.0007546746665942998,4,10,"{'rf__max_depth': 4, 'rf__min_samples_split': 10}",0.8516274834903161,0.7740920240281385,0.7684771882087305,0.6597906046806842,0.7691836484091925,0.779262547646569,0.8468752103829978,0.7956139446506036,0.8347939786944575,0.7444045067845523,0.7824121136976242,0.05365942333682038,18,0.8169440650941646,0.8414193996540515,0.8374406259959059,0.8269560161964441,0.8443674576706256,0.8287505242181474,0.8248511832800419,0.840098025295548,0.8234136522349147,0.8183396320808344,0.8302580581720678,0.009384202428308794
2,0.8094676256179809,0.026275651483141132,0.004175925254821777,0.00035086886130981796,4,60,"{'rf__max_depth': 4, 'rf__min_samples_split': 60}",0.8682483987747146,0.6928679842456031,0.8860892659052511,0.6950438755575247,0.7629147060407474,0.7381684116106365,0.8720026413772521,0.7484747845374055,0.7981753251621673,0.8234708340619555,0.7885456227273259,0.06844131569771736,17,0.8254110320679917,0.8103394831290198,0.8258223238294073,0.8235868685682932,0.838835867639833,0.8112140642489852,0.8337443758638561,0.7950452763573626,0.8215122709121393,0.8239573201847267,0.8209468882801614,0.011924680222524721
3,0.8032479047775268,0.014413804137003817,0.004131245613098145,0.00031169537932919475,4,331,"{'rf__max_depth': 4, 'rf__min_samples_split': 331}",0.8604967790856054,0.7430467975258801,0.8245703559865593,0.6771664645372719,0.7082776265799882,0.8159031022155111,0.8222417471140864,0.8033158971462306,0.8214312534593938,0.8313538229619691,0.7907803846612496,0.05688518970966404,16,0.7995792762895365,0.7985738997253936,0.7577990341422092,0.8191490011048016,0.7978887561802025,0.8185242898515195,0.7920514632521242,0.8143671981272141,0.7641505183217183,0.7493175774174474,0.7911401014412168,0.024157678049065854
4,0.7851771116256714,0.007319361914688781,0.004018855094909668,0.00040216182810664695,4,1820,"{'rf__max_depth': 4, 'rf__min_samples_split': 1820}",0.8691381466215904,0.6895632732156192,0.8243699017556653,0.5795327196769254,0.6817106240294095,0.6731647288597566,0.6935933873222616,0.7291045882044684,0.7682951627516891,0.8227316429052451,0.733120417534263,0.08330503924726872,22,0.7229848544959957,0.7307224621531072,0.757519985486144,0.7090384919597276,0.7103505969376147,0.7497437454463873,0.71343577516312,0.7050438724185906,0.7491466219429707,0.7798434952337937,0.7327829901237451,0.02386017984092063
5,0.7834137678146362,0.009360568128396838,0.004086136817932129,0.00034487779845932546,4,10000,"{'rf__max_depth': 4, 'rf__min_samples_split': 10000}",0.8496959256716925,0.7025634528135973,0.8199876378914013,0.593958628434669,0.7016087593963125,0.7694290038005023,0.6444577279719658,0.6644792725795646,0.7211340451530779,0.7529152763097466,0.722022973002253,0.07458112955042649,27,0.7109677587003114,0.7609878713124818,0.7507684108019846,0.7494661082974617,0.7476137343231998,0.72705304812465,0.6695781293094991,0.7444900276455965,0.733165381826207,0.7329597849452918,0.7327050255286683,0.025016055835905156
6,0.9956141710281372,0.06682243352522471,0.00451192855834961,0.0003548810887718039,5,2,"{'rf__max_depth': 5, 'rf__min_samples_split': 2}",0.8566203789265474,0.7306372721893973,0.8787506757766846,0.7109014267131005,0.7842794500282333,0.853019416199032,0.8600506450099346,0.815353255590171,0.7713949471821413,0.8288906767751952,0.8089898144390437,0.05468274795558765,12,0.8622184416186485,0.8598009376115271,0.8744709613268631,0.8730866997313484,0.8749631182831792,0.8684213133213187,0.8647217751141822,0.8663254524182118,0.8510653326631016,0.8588413766054942,0.8653915408693875,0.007302294400369532
7,0.9662084579467773,0.011096168730622481,0.004411578178405762,0.0003735921186868485,5,10,"{'rf__max_depth': 5, 'rf__min_samples_split': 10}",0.8556679088010537,0.796523433508852,0.8926722555436277,0.6921968721892183,0.7792635990855173,0.8106480769776908,0.869730901956473,0.832613986273768,0.8787881324402598,0.877660454634782,0.8285765621411244,0.058191607248956716,3,0.8585310587516088,0.8622550319839348,0.8697853223556303,0.8668387071637639,0.8708275976003194,0.8604032276319236,0.8568287860743092,0.8680290560023359,0.8522909125534767,0.8505145290502586,0.8616304229167561,0.006815472153897589
8,0.9693893909454345,0.005426793538045081,0.004489803314208984,0.00019727814765457566,5,60,"{'rf__max_depth': 5, 'rf__min_samples_split': 60}",0.8611287816266742,0.7625494979811714,0.8780953513553102,0.6979660354736676,0.7745143264087974,0.8214372455763692,0.8429498820998171,0.832957847806413,0.8295428940154256,0.8429400672645765,0.8144081929608221,0.05131251381986856,9,0.8513867131769113,0.8449665347220356,0.8476039862730407,0.8507108610847224,0.8457252029784575,0.8510572552704088,0.8392324406278512,0.8465673728658174,0.8291227025526869,0.8414974991989995,0.844787056875093,0.006457756591090861
9,0.9702051401138305,0.008618536400025334,0.005466341972351074,0.002982858569201799,5,331,"{'rf__max_depth': 5, 'rf__min_samples_split': 331}",0.8545824621213973,0.6637621351857976,0.8451161427967546,0.5864113641145967,0.7340146209397895,0.6649310939471277,0.8026311973326594,0.8077275703241689,0.7923479893272425,0.801148349211283,0.7552672925300816,0.0847995351829968,20,0.8010061838092578,0.783218359611763,0.8227698456419026,0.7915655920400402,0.7995960204157148,0.789053199157823,0.8167697374812819,0.8109728997692328,0.7849221065636682,0.7696079239172253,0.7969481868407909,0.01565806745546875
10,0.9602693796157837,0.01339883445915738,0.004310154914855957,0.0003118780298717331,5,1820,"{'rf__max_depth': 5, 'rf__min_samples_split': 1820}",0.8285482584699086,0.759641153924625,0.8247677521337022,0.6114782410284318,0.6859084933472674,0.6202500012742462,0.7545797390836871,0.7537615869026968,0.7427161974707847,0.8165242425236465,0.7398175666158997,0.07447206945709414,21,0.7624912081626438,0.7496543477617434,0.7369317211731607,0.8006791237048391,0.7518365867075173,0.7387691694523231,0.7382517111284965,0.7491076352403471,0.7478151723927214,0.7496266886428751,0.7525163364366667,0.01762163386872526
11,0.9506330966949463,0.00593974754498912,0.004290246963500976,0.0003797403594001767,5,10000,"{'rf__max_depth': 5, 'rf__min_samples_split': 10000}",0.8649767166750707,0.6689727815031251,0.8119132408954389,0.6312366152435241,0.7111260035591603,0.7738029695506862,0.6994006753337588,0.7395239436941435,0.7376461947072903,0.6827787202467537,0.7321377861408951,0.06629599155319878,24,0.7211578940605342,0.7317912982486543,0.7636172586937441,0.7692017867567255,0.7644668776598542,0.7634465148672527,0.712195474246218,0.7368859191982876,0.764544950534858,0.7416162159950419,0.746892419026117,0.019733463108966568
12,1.1680309534072877,0.070836661908474,0.00467977523803711,0.0003577158851397083,6,2,"{'rf__max_depth': 6, 'rf__min_samples_split': 2}",0.8637296928982726,0.7472071963394289,0.8152291406488378,0.7267885753004951,0.7987678951951461,0.8484570676960587,0.8868656176685712,0.8335141403265616,0.9026761114785007,0.8576257418077076,0.828086117935958,0.05425278030987459,4,0.8785994818867697,0.8870478117986582,0.8851857168704309,0.8884473669284404,0.8936329711956029,0.8862003496506358,0.8766157858232654,0.8945621500880004,0.8748482108872911,0.8856709388103208,0.8850810783939416,0.006310475666753995
13,1.146999216079712,0.018905491925878388,0.0053549051284790036,0.0013695698166335689,6,10,"{'rf__max_depth': 6, 'rf__min_samples_split': 10}",0.8612546788582615,0.6966714476449378,0.8171458165325947,0.72659976960712,0.7819029754965878,0.83705732310756,0.8915368736597427,0.8356420060006715,0.922980197467219,0.8814968362292376,0.8252287924603934,0.06845549004820652,5,0.8705029325164153,0.8787008920370448,0.8777743007768538,0.8913178868584292,0.8953769169109144,0.8808278333395625,0.8709344906610308,0.8810865588311263,0.8758074650786656,0.8652609663148546,0.8787590243324898,0.008745544469133512
14,1.1543051242828368,0.011740835199077706,0.004826140403747558,0.0004140527272016946,6,60,"{'rf__max_depth': 6, 'rf__min_samples_split': 60}",0.8684416410813349,0.7395149488150753,0.8856729760893509,0.7090802475784818,0.7833778468022007,0.8419779152943144,0.8920697152391164,0.8294746764663495,0.8335689498566368,0.8547370046693779,0.8237915921892238,0.05813398809234673,6,0.8534961336671102,0.8482179453901779,0.8441864152428221,0.8736431244907858,0.8702364047088773,0.8611100747207205,0.8598162265451177,0.8696201145182859,0.8331526227675259,0.8593187347423021,0.8572797796793725,0.01209614740655962
15,1.1460230112075807,0.007326095076103058,0.004669284820556641,0.0002649517081913213,6,331,"{'rf__max_depth': 6, 'rf__min_samples_split': 331}",0.8521266776011083,0.766935796631033,0.8420677314635484,0.635007570691216,0.7397427555913059,0.781356158979688,0.8338644945366565,0.7890847666207607,0.8375344591992699,0.8522881238442034,0.793000853515879,0.0645756188131329,15,0.7984882540402415,0.8303203810728618,0.7576367402069184,0.781635850532626,0.822847566534274,0.8153837547595824,0.790362532379458,0.8013856343498336,0.8263850809299923,0.811524258542997,0.8035970053348785,0.02146291494367134
16,1.1720341682434081,0.05142442203004884,0.00490872859954834,0.000287746197837685,6,1820,"{'rf__max_depth': 6, 'rf__min_samples_split': 1820}",0.8508590223076132,0.6557067349839096,0.78524644310137,0.6397619305054205,0.7037009061081491,0.7909742146269635,0.6927796059403198,0.6936602587469528,0.7218373754504964,0.6943516283831512,0.7228878120154346,0.06266458771727419,26,0.7322150869993148,0.76077336692109,0.7265287912251058,0.7806232349632735,0.7885684757152681,0.8080987931441465,0.7547914433473178,0.7191546967159732,0.7377118513957789,0.7312153154185211,0.7539681055845789,0.02846900213514692
17,1.1544743776321411,0.05331341521658041,0.0052448749542236325,0.0017751430168246771,6,10000,"{'rf__max_depth': 6, 'rf__min_samples_split': 10000}",0.8583547302902491,0.6947649879936633,0.7824127725824893,0.5282722118390506,0.6916427912167341,0.7000707775211419,0.7245807112620358,0.7378732172142636,0.7250310947082739,0.7590047761669269,0.7202008070794829,0.0797005378965405,28,0.7624415707552433,0.7674588681355666,0.7472710912126084,0.7234080462440002,0.7000336643519959,0.7648262481296253,0.7096514700711254,0.7622104481710386,0.7394836807919056,0.766592234434752,0.7443377322297862,0.02394372026444799
18,1.3242075443267822,0.017564502619451375,0.005133819580078125,0.00031117924579459103,7,2,"{'rf__max_depth': 7, 'rf__min_samples_split': 2}",0.8569815631938281,0.7786162466225018,0.901255488320721,0.7251879693598628,0.7758744362753424,0.8872936928415127,0.8926543102915871,0.8381820044705232,0.9194394093023547,0.8509307829864559,0.8426415903664688,0.060394751818613764,1,0.8854285111568451,0.8845058311530835,0.8890495824068053,0.897110066630326,0.908754288526147,0.9005471703561796,0.8883490885528854,0.9003685941807895,0.8837240293648204,0.896099910610405,0.8933937072938287,0.007982257588512886
19,1.3331729412078857,0.01603197747599487,0.005197477340698242,0.0004411631417513085,7,10,"{'rf__max_depth': 7, 'rf__min_samples_split': 10}",0.8569817188343227,0.7751634525896467,0.8671808440096078,0.7004590511011763,0.7884624677157587,0.8128397675492458,0.8791591190153969,0.8419315357771683,0.850113413704288,0.8100677831257221,0.8182359153422333,0.05088718815421912,8,0.8762670312225067,0.9018015647361775,0.8796779820744322,0.8913333772921046,0.8981049633247083,0.8948646073226649,0.8949241048617688,0.8830519133887822,0.878890595441523,0.8924693892589912,0.8891385528923659,0.008486263627968008
20,1.3128909587860107,0.004753932399542875,0.004950928688049317,0.0003146451287281469,7,60,"{'rf__max_depth': 7, 'rf__min_samples_split': 60}",0.8538289881777186,0.7389089179952761,0.8302824217671697,0.6971171075856023,0.7875560440508207,0.7737772362767714,0.885067710765355,0.8326055594081825,0.85686688306069,0.871126106544104,0.8127136975631689,0.05826671652701418,11,0.8449910350588905,0.8546991091755848,0.869789033676005,0.8721516346348531,0.8709785610122548,0.8691949079228631,0.8661157541375712,0.8587059068130949,0.8588781247788609,0.8715016484241809,0.8637005715634161,0.008588436165727343
21,1.3514956951141357,0.04537172755704997,0.005266737937927246,0.00041805838251644914,7,331,"{'rf__max_depth': 7, 'rf__min_samples_split': 331}",0.8537436860966273,0.6632296192029263,0.8356008030512863,0.658266943207368,0.7392627768998028,0.7354379427854753,0.8277410297857737,0.782623238756479,0.8031005245248516,0.8083554004953051,0.7707361964805896,0.06587465938920141,19,0.8021294912997532,0.8146035014757246,0.816072022804411,0.8283425499992328,0.8249596293152938,0.8199839024174504,0.8061476435307436,0.8202081665674275,0.8094166988581001,0.7983621303802464,0.8140225736648384,0.009343131845554005
22,1.3458988428115846,0.05887793994465128,0.005120396614074707,0.00044567810489225083,7,1820,"{'rf__max_depth': 7, 'rf__min_samples_split': 1820}",0.6850116924316619,0.7741856085850572,0.788652682154889,0.616031408875738,0.6598361249120724,0.7005773835280612,0.7464998169788869,0.6474814580459166,0.7818195688974436,0.7821196167997283,0.7182215361209455,0.0610654617826199,29,0.7595322625404692,0.7609359455112272,0.7882920032315499,0.7937161954151963,0.7287176398232103,0.7231889492664366,0.7522167815979377,0.7671024633907417,0.7578773364747746,0.7636900046811399,0.7595269581932683,0.020973462258745395
23,1.2861397981643676,0.023501624038466618,0.005115127563476563,0.0003482518445615016,7,10000,"{'rf__max_depth': 7, 'rf__min_samples_split': 10000}",0.862904451705098,0.7228318373339107,0.7545817395981066,0.6113819267530445,0.6954123620903154,0.6952146141064995,0.6800836077615274,0.6296882662740997,0.7518523277172829,0.7660437349281783,0.7169994868268064,0.06887412038874552,30,0.7689083859962423,0.766167628909403,0.6943024457555771,0.7560162361943596,0.7660957445537838,0.7494461521741298,0.6900254101605701,0.7298464219730018,0.7355317570902614,0.7404601204689516,0.7396800303276281,0.026935388284040396
24,1.5019462823867797,0.018418628431125312,0.005590891838073731,0.00032349541717847615,8,2,"{'rf__max_depth': 8, 'rf__min_samples_split': 2}",0.8567545543442528,0.7892825485926956,0.8872018884071345,0.729074735310603,0.7895881658413016,0.781888952130369,0.9016665196917053,0.8347070660655029,0.7196814487842773,0.8448055802385521,0.8134651459406393,0.05881589229194458,10,0.8957598140239714,0.9190658795092733,0.8977317293677546,0.9177164176805702,0.9266078352411266,0.8960767458228116,0.9012451889985444,0.9148450278081216,0.8876518318240478,0.9101944500707776,0.9066894920346998,0.012061130312764085
25,1.5131192684173584,0.02770016678931388,0.005558466911315918,0.000548286157423801,8,10,"{'rf__max_depth': 8, 'rf__min_samples_split': 10}",0.858173089076297,0.7246055919508334,0.871634981552675,0.7182377990744748,0.7828585711045045,0.8465137679877908,0.889600931543836,0.8171703697433303,0.8292826949245711,0.8629446898109799,0.8201022486769294,0.05695969368457243,7,0.8905897653595362,0.9159847497225092,0.9047053433369155,0.9143040260537669,0.9116261696257139,0.8906739860708071,0.8991930470459617,0.9102546121659983,0.8925045430026333,0.8992340142833148,0.9029070256667158,0.009332852640599704
26,1.59558162689209,0.07898787927309635,0.006385421752929688,0.0005255670755932935,8,60,"{'rf__max_depth': 8, 'rf__min_samples_split': 60}",0.8535925227259683,0.777655744007297,0.8718356100542547,0.7260207483546464,0.7947748247000489,0.829212064850361,0.8753440002234032,0.838280492227204,0.8706965981330613,0.853039841184543,0.8290452446460786,0.04626277319119114,2,0.8671150894923506,0.8662902240444909,0.8711607390589449,0.8953072369264405,0.8838691781225378,0.8720346433985802,0.866217977123395,0.8762731924022208,0.8634092723374981,0.8770394135057565,0.8738716966412214,0.009258131034984993
27,1.6526281356811523,0.027637456589222405,0.006265449523925781,0.0007017119224365357,8,331,"{'rf__max_depth': 8, 'rf__min_samples_split': 331}",0.8512905968712415,0.7641171468120199,0.8729680960087052,0.6764315980141649,0.7499055625754704,0.7713390999445295,0.8332117521369568,0.7858603352103977,0.8019471325270019,0.8495119697472923,0.795658328984778,0.05604674240249469,14,0.8136656024500575,0.8301004581685809,0.8335388107452283,0.8273112507151245,0.8312571293188776,0.811572960970203,0.8077938478922179,0.8121909500055768,0.8125552882039462,0.823038825332811,0.8203025123802623,0.009221442647890701
28,1.665045976638794,0.06009765172586964,0.006561088562011719,0.0007477635950689729,8,1820,"{'rf__max_depth': 8, 'rf__min_samples_split': 1820}",0.8381311891416884,0.7932125001522867,0.840658596240205,0.5611167004729268,0.7063599836645308,0.6490545031804155,0.6824674694514496,0.7361276724841246,0.7470509097522421,0.7716372872435663,0.7325816811783435,0.08235334122860509,23,0.7234792930814244,0.7628142260288694,0.7559762823063022,0.7677813602426978,0.7454416673016238,0.7328593384223184,0.7340558023240265,0.710944350868707,0.7400188204400916,0.7435547654451973,0.7416925906461259,0.016627150518105115
29,1.5142263412475585,0.09815468188336512,0.0056943178176879885,0.0006179574187271489,8,10000,"{'rf__max_depth': 8, 'rf__min_samples_split': 10000}",0.7627453775802877,0.8177310644891594,0.8445549555257489,0.6401242206886538,0.7061184996994478,0.6654332375868569,0.5468098974946849,0.7049902724146143,0.748203190361471,0.8288736745640152,0.7265584390404939,0.08881537153515441,25,0.7277895687129794,0.7578928649032298,0.7791532794739933,0.7757386444136514,0.7501086614629507,0.6879202140939831,0.6810844373377442,0.7306172495510195,0.7329883580731879,0.706561002783864,0.7329854280806604,0.03213772763646515
