,mean_fit_time,std_fit_time,mean_score_time,std_score_time,param_rf__max_depth,param_rf__min_samples_leaf,params,split0_test_score,split1_test_score,split2_test_score,split3_test_score,split4_test_score,split5_test_score,split6_test_score,split7_test_score,split8_test_score,split9_test_score,mean_test_score,std_test_score,rank_test_score,split0_train_score,split1_train_score,split2_train_score,split3_train_score,split4_train_score,split5_train_score,split6_train_score,split7_train_score,split8_train_score,split9_train_score,mean_train_score,std_train_score
0,0.8133408308029175,0.013873122673377331,0.0042000293731689455,0.00021569421437529922,4,1,"{'rf__max_depth': 4, 'rf__min_samples_leaf': 1}",0.8499011936568676,0.7846027790452371,0.8785859200804811,0.7035295955816009,0.7793756139402894,0.8055103147984533,0.818637774310504,0.8148176000282693,0.8210527821221132,0.8559872245763475,0.8112000798140164,0.04642791956232853,7,0.8301906319947991,0.8567355554439496,0.8364701531960352,0.841450555814611,0.8506194572207993,0.845564248363575,0.8437652498405644,0.8409882178549838,0.8317736485542927,0.8293944568985143,0.8406952175182125,0.008515110030562803
1,0.8381290674209595,0.0716183044984993,0.0043218135833740234,0.0007858789717123793,4,32,"{'rf__max_depth': 4, 'rf__min_samples_leaf': 32}",0.8515317633942727,0.797276875001866,0.8519114443658962,0.6682129378130413,0.7527386260531015,0.8182249648670735,0.8275466198279356,0.8144406472668654,0.8495401600414566,0.8429223738679623,0.8074346412499471,0.05477455610384007,10,0.832352885731231,0.825645152676756,0.7950442997795113,0.8339428210577948,0.824314441395036,0.8400769259855025,0.8133246082475521,0.8325128272986678,0.8245466762467619,0.8272191771192763,0.8248979815538091,0.01207214306148095
2,0.7942546129226684,0.009356610317011094,0.004158186912536621,0.00039527595988308437,4,63,"{'rf__max_depth': 4, 'rf__min_samples_leaf': 63}",0.8635240581739944,0.7412508047614944,0.8801155053863003,0.692321794498408,0.7619475727462225,0.7619193808708119,0.851107879677104,0.7821393147093391,0.8351116432300643,0.8483706455679263,0.8017808599621666,0.05905068711678378,11,0.7984147943739851,0.8171610827108898,0.8191980818869559,0.8224629297111852,0.8097691816876222,0.8086155786048601,0.7886429939447906,0.8055541426520677,0.8030789467934286,0.7958897040152786,0.8068787436381063,0.010260914651069984
3,0.792012357711792,0.00478239406875433,0.0042040348052978516,0.00016412524410938425,4,94,"{'rf__max_depth': 4, 'rf__min_samples_leaf': 94}",0.8530963343781016,0.7483193943567567,0.8328641004572873,0.6723751770634144,0.7082954175845134,0.710359756472246,0.8198030424697849,0.7402701226104913,0.8266615115703695,0.8113232559128868,0.7723368112875852,0.0603735910134089,20,0.7834602886793726,0.7960760737027291,0.7948891275047623,0.8105446633957892,0.7957283130385907,0.7907017051059037,0.7916226339463382,0.7779631756359512,0.7859812370539916,0.7764635036945223,0.7903430721757951,0.009511611337134867
4,0.7890507936477661,0.004050716753817725,0.0042389631271362305,0.00024324919451015837,4,125,"{'rf__max_depth': 4, 'rf__min_samples_leaf': 125}",0.8620786582757147,0.7505742710500237,0.8472504206238517,0.6110538833712839,0.675741584648292,0.7336834473053725,0.7617212426709813,0.7803561443256326,0.7867945954077233,0.7837820534757989,0.7593036301154674,0.0705652480271271,24,0.7544334500440188,0.7970149786865116,0.7784367314565275,0.7901901283040907,0.7916532769230432,0.7815822914811573,0.769056392565546,0.7782233350541655,0.7659385114103517,0.7559408176145255,0.7762469913539938,0.013951276180253177
5,0.7926165342330933,0.008808822544964227,0.0041970014572143555,0.0001352243365485337,4,156,"{'rf__max_depth': 4, 'rf__min_samples_leaf': 156}",0.8606698812191997,0.7167838500662725,0.8228320390273631,0.633536116525765,0.6895604074250895,0.7548734066483901,0.7358822650703686,0.7571432175471604,0.8003922535830618,0.8017888715570576,0.7573462308669728,0.0638970289501403,29,0.7419167586999151,0.7656858181481632,0.7682921062386201,0.7539464426156475,0.762984730822261,0.7826945365494,0.7509210066104268,0.760176395653571,0.7707358921065349,0.7606444206331306,0.7617998108077669,0.01074443129400166
6,0.8174223184585572,0.05440329124222969,0.005604887008666992,0.0032929418803663,4,187,"{'rf__max_depth': 4, 'rf__min_samples_leaf': 187}",0.8429355368365569,0.7020381736794777,0.7303622867207981,0.645621429389308,0.6422694318152913,0.6782627296343215,0.7310704269827322,0.7081276183833566,0.793322262913207,0.8122932950622298,0.7286303191417278,0.065017115752883,40,0.7501936987096947,0.7484987940162959,0.7058999039654572,0.7804446218484018,0.7357538955437806,0.7552585769632395,0.718427833600171,0.7093544403550786,0.760773949139586,0.7735506807600661,0.7438156394901771,0.024579872533024405
7,0.7846009254455566,0.00500620323078812,0.00429379940032959,0.00028594154073639154,4,218,"{'rf__max_depth': 4, 'rf__min_samples_leaf': 218}",0.8558438852533157,0.713587572477013,0.8102499449811285,0.5677647203295518,0.6971828264997242,0.7567860223916041,0.6829667759859869,0.7239287866774037,0.7645354452464252,0.7589918889882936,0.7331837868830446,0.07405517818009291,38,0.7379240791256786,0.7188541460997502,0.7338220332213385,0.748584665243027,0.7305324813947749,0.7527149859944903,0.7252802141772493,0.7217700972336708,0.7484173661961406,0.7126495595071743,0.7330549628193295,0.01303913262775035
8,0.7873749494552612,0.003974527186732179,0.004380130767822265,0.0002779182330039262,4,250,"{'rf__max_depth': 4, 'rf__min_samples_leaf': 250}",0.8474460365044092,0.6923436538225001,0.8307974991580305,0.5947534778045207,0.6766824875195278,0.6318678844198045,0.72725275705324,0.7571824066271542,0.684892368142634,0.8189788404458974,0.7262197411497718,0.08166483836318521,41,0.7038362660780192,0.7168225622422391,0.7546276523085792,0.7493718958878292,0.715311276524676,0.6950140801656801,0.7180741308451174,0.7710022518330707,0.7106413599876265,0.753062486944197,0.7287763962817034,0.024484331373710387
9,0.9843692064285279,0.012974111637978823,0.004399609565734863,0.00015313371436175948,5,1,"{'rf__max_depth': 5, 'rf__min_samples_leaf': 1}",0.8576448837691236,0.6990231758665296,0.875760506094514,0.7104932192583184,0.7736330834038075,0.830028072579417,0.8942808780217505,0.8180879581295183,0.8906743131994688,0.8854528289884114,0.8235078919310859,0.06934056141150613,3,0.859496026663553,0.8693273217815838,0.8514332563982329,0.8721583207171211,0.8666371374452762,0.8508325394053243,0.856208333393758,0.8650789726707101,0.8571757635053705,0.8653726827478001,0.8613720354728731,0.007033851177718129
10,1.0117356538772584,0.10523639536735158,0.004459452629089355,0.00031432590524525973,5,32,"{'rf__max_depth': 5, 'rf__min_samples_leaf': 32}",0.8681199452362819,0.7776113136471753,0.8718373454700099,0.696901181629809,0.7613730992077529,0.8233876687632085,0.8444857705041999,0.8035735448421047,0.8619059847470766,0.8370506449642342,0.8146246499011853,0.052942065200214425,6,0.82165499103199,0.8449107739430213,0.8310066731697185,0.8531881370592765,0.8363701403697229,0.8405772301357433,0.8287176551435761,0.8353011838565532,0.8294597733326757,0.8173349089050809,0.833852146694736,0.010125131729561573
11,0.9683515787124634,0.007690126151989069,0.004398083686828614,0.0002476619041212115,5,63,"{'rf__max_depth': 5, 'rf__min_samples_leaf': 63}",0.8570672996834914,0.7988443941011321,0.8773464400635378,0.689445229964545,0.7430480485806944,0.7623354914247149,0.8424185015629305,0.7866348416173662,0.8157862338755782,0.8370548546454959,0.8009981335519487,0.054511689134784304,13,0.8164509503681812,0.8066919742242643,0.8217448401189372,0.833750725670652,0.8329776245455018,0.8003609511390273,0.8074053613758657,0.8038976236196749,0.8084681247854867,0.8049404384940847,0.8136688614341674,0.0114577049898165
12,0.9815519332885743,0.021568283394875237,0.0045065641403198246,0.00030761528718954847,5,94,"{'rf__max_depth': 5, 'rf__min_samples_leaf': 94}",0.8519140881368664,0.7276541368343674,0.8343032868907346,0.6729962267364871,0.6951212258343112,0.7731776975828012,0.8126826035448239,0.7233930278269758,0.8149887430869962,0.8480980231700845,0.7754329059644448,0.06283852427712747,19,0.791635749340787,0.793199903107298,0.79954142011019,0.8094105355274492,0.796246782881766,0.7937130935265043,0.7782382812136315,0.7893771914592531,0.7914515631171489,0.774333181057319,0.7917147701341347,0.009436152856522807
13,0.9743700504302979,0.012328867705091411,0.0045471668243408205,0.000334274901255744,5,125,"{'rf__max_depth': 5, 'rf__min_samples_leaf': 125}",0.8385068442956934,0.7504196227329771,0.832833198584218,0.6389504316796709,0.7152752954282401,0.7713666919247515,0.7993342338524848,0.7072355278979804,0.7582301060626064,0.7863039298233964,0.7598455882282018,0.05776533926885063,23,0.7618473302094922,0.7958031969137629,0.7615893348386642,0.7803821881210067,0.7928542041422927,0.7975790577727707,0.7635356403176866,0.748891412330506,0.7663023314547999,0.7694472904037656,0.7738231986504747,0.015965241525864923
14,0.9751798391342164,0.012971262782900585,0.004588937759399414,0.0002566614972379954,5,156,"{'rf__max_depth': 5, 'rf__min_samples_leaf': 156}",0.8488743314579437,0.6886279627204955,0.82655184047879,0.6586691784068732,0.7255546250717994,0.723796748776624,0.827715322565518,0.7012973185175686,0.7300187373102546,0.8017181748971697,0.7532824240203038,0.0635659109182236,31,0.7551062653879425,0.7680678658840406,0.7878595274769161,0.8047786385698366,0.781802832142363,0.7647877044253008,0.759302494441047,0.7603013040490028,0.7521564189053969,0.773766444229218,0.7707929495511064,0.015669527414649543
15,0.9705654382705688,0.008461050597187677,0.004749393463134766,0.0003442899867740325,5,187,"{'rf__max_depth': 5, 'rf__min_samples_leaf': 187}",0.8387924893103322,0.6907446088258433,0.815552060366306,0.6157354802619666,0.7312873405109453,0.7950537832355596,0.7874742494949981,0.7585124250661519,0.7515469489053702,0.8024916921237004,0.7587191078101174,0.06290760809907764,25,0.7495038474605911,0.7363560273430717,0.7576848503799147,0.7460380115568743,0.771982977433074,0.7487184171144858,0.7687147471736893,0.7486998249085175,0.7376576781109799,0.76428634859508,0.7529642730076279,0.011689944074735474
16,0.9714155435562134,0.014707540320352595,0.005057382583618164,0.0010164280024073963,5,218,"{'rf__max_depth': 5, 'rf__min_samples_leaf': 218}",0.8270423955889334,0.6489673435871316,0.7681816931047283,0.5558041050568113,0.7333819976700942,0.7664655961443464,0.7032425225544966,0.7076363346360672,0.7297303651193695,0.7501022806393134,0.7190554634101292,0.07039118465172123,42,0.697886522680786,0.7321543061888343,0.7220521241113884,0.7171625815761474,0.7644562500394657,0.7300427101011975,0.7354002088089931,0.7194508118490155,0.7247232651478588,0.7386713484110863,0.7282000128914772,0.016316261209097693
17,0.9958539724349975,0.047994186912981275,0.004968404769897461,0.000496493682255861,5,250,"{'rf__max_depth': 5, 'rf__min_samples_leaf': 250}",0.8715657137184832,0.7143309062703853,0.8087422727728865,0.646559565291204,0.6411475328780204,0.7383362009668009,0.7274643869365426,0.7265636626236076,0.7602851433575407,0.7761907523920591,0.7411186137207532,0.0657617321678611,36,0.7132870881905925,0.7428912722218477,0.724996421351295,0.7724613273017003,0.7037318961908473,0.7421507747896604,0.744596302507766,0.7285350818274234,0.7330330555717327,0.7384690775769359,0.7344152297529802,0.01792300543273952
18,1.1646103858947754,0.015806501776504823,0.00463571548461914,0.00020939608188512527,6,1,"{'rf__max_depth': 6, 'rf__min_samples_leaf': 1}",0.8520049680783953,0.7991166992564837,0.860940378935059,0.713375423497939,0.758205744504316,0.7975754214707405,0.8867377424949239,0.8381420976014621,0.9087278924261007,0.8404191352664641,0.8255245503531885,0.056208693544479923,2,0.8717315771349964,0.8732419898916948,0.8791187626718582,0.8873265837453508,0.8790105805744786,0.8831866605040496,0.8758208370401513,0.8785887769390551,0.873794683952602,0.872883825201195,0.8774704277655433,0.0047354215183750565
19,1.15872802734375,0.0137187317140278,0.004908061027526856,0.00023411921339475561,6,32,"{'rf__max_depth': 6, 'rf__min_samples_leaf': 32}",0.854040004508365,0.7569114687772718,0.8597374947843148,0.7101763623871523,0.7721883639270938,0.7951256939101055,0.8613547625439135,0.7991206718708873,0.8366173344770594,0.8429769064382211,0.8088249063624385,0.04835832687463574,8,0.8324542838123073,0.8318596994173589,0.8562239293324324,0.8531564411474287,0.8548429567413175,0.8345427020147816,0.8381907096796806,0.8280131940865048,0.8305314796708815,0.828965352754943,0.8388780748657636,0.010748915403811815
20,1.1625381231307983,0.031455730404872755,0.004949522018432617,0.0004028390443301589,6,63,"{'rf__max_depth': 6, 'rf__min_samples_leaf': 63}",0.8531050603999637,0.7604804177290787,0.8659628909962942,0.6731374135432202,0.7608945706091474,0.7965109403059799,0.8631749531362376,0.7652051220085196,0.8435077122684245,0.8025889715402399,0.7984568052537104,0.05783263727158089,14,0.8090912269774221,0.8245395171709579,0.8152979719778399,0.8231452642186784,0.8284718298585636,0.8266781160413557,0.8257815124621328,0.8176567904021503,0.809560246010769,0.8013316306604672,0.8181554105780338,0.008662374546913265
21,1.1794842004776,0.04760077912750602,0.005187439918518067,0.00048575205003033376,6,94,"{'rf__max_depth': 6, 'rf__min_samples_leaf': 94}",0.8375445808036639,0.7175632115493785,0.8461315071367708,0.6942225930514621,0.7222071715454158,0.7637209239761483,0.8226740830960858,0.7465808623950838,0.7726009415986951,0.841764277455454,0.7765010152608157,0.054065654224268844,18,0.7736321287959882,0.776939429360412,0.7775017621575452,0.8326598319932133,0.7962498214368953,0.7912459635204254,0.7852670538677615,0.7865018791858739,0.7882059405529523,0.7997028499100873,0.7907906660781154,0.016065228497139823
22,1.156024432182312,0.014457264613182617,0.005015015602111816,0.00030968285054657667,6,125,"{'rf__max_depth': 6, 'rf__min_samples_leaf': 125}",0.8437632969110085,0.7591575391606243,0.8338367279129772,0.668667255181666,0.7302069751760698,0.8058031770753503,0.8295709571405138,0.760319903779477,0.7861997029092406,0.8324177236021462,0.7849943258849074,0.05321644102031244,17,0.7503908762271709,0.7875996496400013,0.7618509014440439,0.773969835179338,0.7641441988073177,0.7981563330167804,0.7775518162461106,0.7736573480066128,0.7491552264731465,0.783751025716141,0.7720227210756663,0.015021949630336305
23,1.1448431968688966,0.008576325601668032,0.0051727294921875,0.0004193092704713117,6,156,"{'rf__max_depth': 6, 'rf__min_samples_leaf': 156}",0.8487337060292284,0.7544369373263783,0.8187556165846606,0.6121196581658062,0.703346690735368,0.7900621608907874,0.7693549419848945,0.7459573359111991,0.7651981241148252,0.7734810460503524,0.7581446217793499,0.06147992629228772,26,0.7352292346322244,0.7700224711522393,0.7699351325344712,0.7756695063119269,0.7526969724745769,0.7706647944729189,0.77094362261646,0.7739316424722338,0.7670593625061801,0.7661796539557629,0.7652332393128993,0.011633406236000227
24,1.1681317567825318,0.044224940057319514,0.0048836469650268555,0.0002799996816886294,6,187,"{'rf__max_depth': 6, 'rf__min_samples_leaf': 187}",0.8583786248992259,0.747891975067518,0.8063427229457947,0.6110082560840867,0.7030971508663164,0.7290833813936827,0.8063972608569765,0.7044685306765094,0.7413097735449609,0.8098440804168269,0.7517821756751898,0.06764598866673813,32,0.7519609870798017,0.7846998986265011,0.7640253024282726,0.737512623553249,0.7674884587216741,0.7725509964439583,0.7514766841811463,0.763814114032784,0.7483773083058167,0.7541344168338885,0.7596040790207093,0.012904725018500594
25,1.153403878211975,0.027669280911206177,0.005087208747863769,0.00036761415892988487,6,218,"{'rf__max_depth': 6, 'rf__min_samples_leaf': 218}",0.8472314399414889,0.6958196799239661,0.8208574055145349,0.6004052488245659,0.7377784270151189,0.7589467777608365,0.6618107595727256,0.7030606302936092,0.7427505291128668,0.7720228432514361,0.7340683741211149,0.06928078604331842,37,0.7300956353436396,0.7657376442395541,0.7689913727902221,0.7337904345096027,0.7576126894977228,0.7507959181946795,0.7120996899281052,0.718408792617468,0.7246037757907828,0.737600213700817,0.7399736166612594,0.018851374280986943
26,1.132634735107422,0.009042448109470379,0.0052299022674560545,0.0004213851785187887,6,250,"{'rf__max_depth': 6, 'rf__min_samples_leaf': 250}",0.8418615798934875,0.6750013167379059,0.7750587213751358,0.5693287880553981,0.683540990487207,0.7483126452185817,0.7347345033174838,0.6721945175408681,0.7264991750985981,0.7513523652307988,0.7177884602955464,0.06943921014582,43,0.6921490656824595,0.7196854094986547,0.7037450747359817,0.7227476040052412,0.7399645481720393,0.7209823186580334,0.7517768041017037,0.7400348744573843,0.716020164026707,0.7261740157212123,0.7233279879059418,0.016737555285142088
27,1.355419683456421,0.06198226679546754,0.005446887016296387,0.00039210952527873297,7,1,"{'rf__max_depth': 7, 'rf__min_samples_leaf': 1}",0.8544731202328517,0.8318769046931055,0.8951653152658958,0.7370104713495828,0.7798448862918069,0.8896531074616447,0.8949254891898568,0.8386843254456677,0.8827432590538457,0.8651798938935163,0.8469556772877775,0.05000531855762686,1,0.8824633107672442,0.886375414048362,0.8901574851213463,0.9048821294155323,0.9031914317247153,0.898684195822942,0.8917395868950088,0.8912996945390196,0.8852834769315867,0.8938321943903195,0.8927908919656076,0.007103709636367852
28,1.3564085721969605,0.03240886173249166,0.005249691009521484,0.00028474651007636483,7,32,"{'rf__max_depth': 7, 'rf__min_samples_leaf': 32}",0.86062175685144,0.7525269488376077,0.8723628553129076,0.6951295843727763,0.7546952410892814,0.7995293874043574,0.8884597847481808,0.7812605483901791,0.8149350976071442,0.8565725593355276,0.8076093763949401,0.05936025912418043,9,0.8159656573870478,0.8497556251779927,0.8378258734547074,0.862395612440399,0.8504436273755467,0.8467326708038571,0.8391606955171417,0.8305252021392148,0.8238760930175779,0.8345567171217296,0.8391237774435215,0.013061081926401312
29,1.3533862829208374,0.062422614158112254,0.005370187759399414,0.0003069331709265338,7,63,"{'rf__max_depth': 7, 'rf__min_samples_leaf': 63}",0.855615116598036,0.7626813207002516,0.8620588042077238,0.678612386823994,0.7628805851173059,0.7526081366672543,0.8235517203637274,0.7672134620795461,0.8313382495770538,0.8661361963606266,0.796269597849552,0.057915780627562155,15,0.8168574978295463,0.7996302819443682,0.7985619639760902,0.8255656096886556,0.8301965849395919,0.8127370795754323,0.8062601446810291,0.803004373729143,0.8075161663917721,0.8146349796226464,0.8114964682378275,0.010056094909454338
30,1.3461958169937134,0.05043895198097162,0.005068206787109375,0.0002040813514518618,7,94,"{'rf__max_depth': 7, 'rf__min_samples_leaf': 94}",0.8641051952741584,0.7545518593092025,0.811916229907929,0.6443228893075987,0.7034763431470115,0.7072783277103739,0.8150049843240667,0.7857164128028141,0.8049793139517022,0.8266081646492903,0.7717959720384148,0.0645552323249163,21,0.7939519465798253,0.8127520647480472,0.7879642807810973,0.7936246221896462,0.793221889585916,0.7694157499346792,0.7712821028948667,0.7812400203742499,0.7749807856825751,0.7810578091411932,0.7859491271912096,0.012462700670803717
31,1.3345498323440552,0.04929337955610715,0.005759119987487793,0.0005318139220979617,7,125,"{'rf__max_depth': 7, 'rf__min_samples_leaf': 125}",0.8469627100629926,0.7017050161656748,0.8250550697995842,0.6438984741117518,0.6884673433297084,0.7515157734240826,0.8063155941818665,0.7446675034390607,0.742983028311782,0.8133124249969284,0.7564882937823432,0.06264993093927877,30,0.7730867923235789,0.7418858103899678,0.7702982630068267,0.7903914622672855,0.7680210609377761,0.7781385151790421,0.7876663473597946,0.7816144229214121,0.7680237729963434,0.7495450078813034,0.7708671455263331,0.01465529146271231
32,1.3160703659057618,0.023659541018953782,0.005459356307983399,0.00040307521648018656,7,156,"{'rf__max_depth': 7, 'rf__min_samples_leaf': 156}",0.8571053494570172,0.7341860195796752,0.8335882061814399,0.6305895276583424,0.7004995386615029,0.7133984999117405,0.7646071616726982,0.7274965349220455,0.8034694065335983,0.8136810515659268,0.7578621296143987,0.06616143175104074,27,0.7752599744410459,0.7522417856649655,0.7397067528637464,0.765389305199892,0.7825295598393077,0.7749058298165936,0.7597332571474134,0.751235909178369,0.7455530718712574,0.7350503194355394,0.758160576545813,0.015290284413382574
33,1.2946159601211549,0.009282998156841206,0.005316162109375,0.00036394747522278397,7,187,"{'rf__max_depth': 7, 'rf__min_samples_leaf': 187}",0.8146911397404268,0.67369779206667,0.8571202341651519,0.6430122124706131,0.6723199711827841,0.765684979353009,0.7639249419871562,0.7493947269746086,0.7703136265409439,0.7895422359693287,0.7499701860450693,0.0643263558143592,34,0.7277468182313924,0.7757682333704234,0.7618420843004726,0.7892896322358548,0.7399699319423826,0.7619796333866744,0.743325246946719,0.7595854637030548,0.7602750033529898,0.7325225507677733,0.7552304598237737,0.018333366470999934
34,1.302384614944458,0.010800459568682799,0.005307722091674805,0.00028485969670408146,7,218,"{'rf__max_depth': 7, 'rf__min_samples_leaf': 218}",0.8424894256035369,0.7347576907266335,0.8154856452772351,0.5825287816307825,0.687605383327006,0.7212490899639925,0.7522902401135191,0.7251717150930334,0.7688080602272335,0.807768786009676,0.743815481797265,0.07054890900737873,35,0.6815956877847662,0.7442027236308607,0.7518272582198412,0.7596917560755944,0.7533643650145779,0.7153916701577201,0.7469734101507972,0.7461844892007,0.7340845350518994,0.7316274291640897,0.7364943324450846,0.021930854951789338
35,1.2970808029174805,0.015441275064081009,0.005425786972045899,0.0003687145322262026,7,250,"{'rf__max_depth': 7, 'rf__min_samples_leaf': 250}",0.820295923019244,0.6895470035930767,0.8018536538330822,0.6041865216812888,0.6185467782149556,0.6727650917901911,0.6778750663929071,0.7129923995127982,0.6942107838771846,0.7695863883514314,0.7061859610266159,0.06831000342634895,45,0.7249525574578382,0.7415717392434537,0.7115986574786303,0.7597900581587432,0.7196246063556355,0.7255440326476044,0.7336500218921499,0.7166623594011411,0.7218439214775688,0.7226632757748128,0.7277901229887578,0.013325434803697645
36,1.5280787944793701,0.05589477640184983,0.005505037307739258,0.0002953627241087445,8,1,"{'rf__max_depth': 8, 'rf__min_samples_leaf': 1}",0.7356127589495685,0.790212888256182,0.8303788150626636,0.7295167025078677,0.7842001107432184,0.8807654609112531,0.8618908993769362,0.8481969221215575,0.8944464618851554,0.8568000431652933,0.8212021062979694,0.055416135603503454,5,0.8755718843942516,0.9075594588612689,0.8943142749030953,0.9159201364366533,0.9186128277893952,0.9119113453890558,0.9086180734778437,0.9091851213394689,0.8990023997196667,0.8981954080722695,0.9038890930382969,0.011998387091135437
37,1.4847923994064331,0.016965236164314237,0.005790209770202637,0.0003894217939310358,8,32,"{'rf__max_depth': 8, 'rf__min_samples_leaf': 32}",0.8625668011576448,0.7794514927000779,0.8891398491012338,0.7275267533298713,0.76366009808728,0.8217946309748427,0.8637096545265407,0.8184378395728993,0.8393378482742533,0.8486422900937796,0.8214267257818424,0.048012593424570406,4,0.8430152750920907,0.8504662439060575,0.8492259828415982,0.8630844708452465,0.8422329096356542,0.8455590480754411,0.8433135170924053,0.8555217631668318,0.8358503651149947,0.8436011949870238,0.8471870770757344,0.007335437501222833
38,1.4808012962341308,0.011252381810273653,0.005529022216796875,0.0004780556393234441,8,63,"{'rf__max_depth': 8, 'rf__min_samples_leaf': 63}",0.8503628400389533,0.7889158052018586,0.828342048403744,0.6746924375088097,0.7673916358883617,0.8370418246107297,0.8517505727137002,0.7725662955503358,0.8054751680651839,0.835619449729004,0.8012158077710682,0.05129776294522987,12,0.813118061371351,0.8248248817625766,0.8068983244057756,0.8288653212325369,0.8339840891050055,0.8405663286225328,0.8047108480260771,0.8053089257645576,0.7894978862848036,0.7993888224639714,0.8147163489039189,0.015700422701598524
39,1.4945088386535645,0.07205645342338148,0.005649709701538086,0.00030794471140609234,8,94,"{'rf__max_depth': 8, 'rf__min_samples_leaf': 94}",0.8494951633952923,0.7549691549889691,0.8174121639505244,0.6717287234855623,0.7555406924458301,0.8099831200193142,0.8280765476630583,0.7832380134443714,0.8194599200218594,0.8368038456330968,0.7926707345047878,0.05057255350795498,16,0.7694706126228127,0.8105495626077699,0.7978083552871487,0.806750434393762,0.8131244834705846,0.8108770504130088,0.810124035857332,0.7741264078760808,0.7713304130398182,0.7946944388824859,0.7958855794450803,0.016843453415488728
40,1.468238401412964,0.029929326891200446,0.005704116821289062,0.0003356871753361443,8,125,"{'rf__max_depth': 8, 'rf__min_samples_leaf': 125}",0.8214581822717234,0.7405283986829451,0.812914496997285,0.6307739705828537,0.7284582262882336,0.7375142521723554,0.8024450661409757,0.7297041297570255,0.7726653062506521,0.8021545484483898,0.757861657759244,0.05455929682195295,28,0.7534902719692416,0.7949138037308258,0.7554580244744661,0.7916136028900584,0.7905042492325989,0.7776840068365196,0.7747747267086902,0.7733307167989866,0.7593234483954483,0.7726113637740891,0.7743704214810925,0.014195237373701677
41,1.4478732347488403,0.017938750126911134,0.005808830261230469,0.0003368985456337142,8,156,"{'rf__max_depth': 8, 'rf__min_samples_leaf': 156}",0.8615817879861358,0.7228596762414061,0.7480660333251251,0.6582257406650632,0.7156825873101421,0.7618181702210752,0.7437860067528845,0.7269317298783254,0.7723694239834034,0.7933353736536013,0.7504656530017162,0.05087006748465006,33,0.7621492328209497,0.7320228121069084,0.736301742847143,0.7834311708730655,0.7516858946177606,0.7749469626171286,0.75638362342892,0.7448957461770095,0.7615362050847941,0.7574934983789108,0.756084688895259,0.015123055159251771
42,1.448649001121521,0.028197628436028715,0.005819439888000488,0.00046623844332935847,8,187,"{'rf__max_depth': 8, 'rf__min_samples_leaf': 187}",0.8604502004062007,0.722915974309192,0.8276589913895755,0.6121549864470269,0.6941802817275299,0.7717891575772782,0.8021824519226526,0.7406040103153954,0.8094823227780102,0.7598928896072891,0.7601311266480151,0.06853938859187649,22,0.7515091738391293,0.7617597924540142,0.7623018790499787,0.7555378159684935,0.7412025529667411,0.7813844904582907,0.7735403424504192,0.731125237101806,0.7490047533624568,0.76245190207319,0.756981793972452,0.014014084277066368
43,1.4389451503753663,0.016880551750292246,0.005963468551635742,0.00025451277011279003,8,218,"{'rf__max_depth': 8, 'rf__min_samples_leaf': 218}",0.8530956695491987,0.6123710156118911,0.8087318886360356,0.5785141122433227,0.705189610792411,0.6980071582512505,0.7287517859925843,0.6844388527221176,0.7074184553630707,0.7556281406586252,0.7132146689820507,0.07758964763474159,44,0.7360003043614237,0.7354477547576022,0.6995112999860534,0.7195541920110347,0.7764692134499519,0.6871672640590633,0.728785560250604,0.738428357095912,0.7357916926932383,0.7174059452523248,0.727456158391721,0.023018130179178344
44,1.4293400526046753,0.02591823115308864,0.005820965766906739,0.00044277373434247684,8,250,"{'rf__max_depth': 8, 'rf__min_samples_leaf': 250}",0.839883994885266,0.710218058314065,0.794899550526568,0.6095145798996292,0.6816869041622148,0.7437143211003875,0.7242871188630667,0.6697698367247094,0.723145984440994,0.826323220974262,0.7323443569891163,0.06829877993571201,39,0.6888907068413832,0.7166282661677309,0.7129800255647452,0.7615132717638232,0.7173827848978794,0.7450469659713818,0.7256332892407624,0.7132559166880009,0.756575819262916,0.707613612761139,0.7245520659159762,0.021788082780904088
